---- Spline Data File ----
3 2141 0 0 3
2148 0 0 0 0 1 2 3 4 5 6 7 8 9 10 11 12 13 14 15 16 17 18 19 20 21 22 23 24 25 26 27 28 29 30 31 32 33 34 35 36 37 38 39 40 41 42 43 44 45 46 47 48 49 50 51 52 53 54 55 56 57 58 59 60 61 62 63 64 65 66 67 68 69 70 71 72 73 74 75 76 77 78 79 80 81 82 83 84 85 86 87 88 89 90 91 92 93 94 95 96 97 98 99 100 101 102 103 104 105 106 107 108 109 110 111 112 113 114 115 116 117 118 119 120 121 122 123 124 125 126 127 128 129 130 131 132 133 134 135 136 137 138 139 140 141 142 143 144 145 146 147 148 149 150 151 152 153 154 155 156 157 158 159 160 161 162 163 164 165 166 167 168 169 170 171 172 173 174 175 176 177 178 179 180 181 182 183 184 185 186 187 188 189 190 191 192 193 194 195 196 197 198 199 200 201 202 203 204 205 206 207 208 209 210 211 212 213 214 215 216 217 218 219 220 221 222 223 224 225 226 227 228 229 230 231 232 233 234 235 236 237 238 239 240 241 242 243 244 245 246 247 248 249 250 251 252 253 254 255 256 257 258 259 260 261 262 263 264 265 266 267 268 269 270 271 272 273 274 275 276 277 278 279 280 281 282 283 284 285 286 287 288 289 290 291 292 293 294 295 296 297 298 299 300 301 302 303 304 305 306 307 308 309 310 311 312 313 314 315 316 317 318 319 320 321 322 323 324 325 326 327 328 329 330 331 332 333 334 335 336 337 338 339 340 341 342 343 344 345 346 347 348 349 350 351 352 353 354 355 356 357 358 359 360 361 362 363 364 365 366 367 368 369 370 371 372 373 374 375 376 377 378 379 380 381 382 383 384 385 386 387 388 389 390 391 392 393 394 395 396 397 398 399 400 401 402 403 404 405 406 407 408 409 410 411 412 413 414 415 416 417 418 419 420 421 422 423 424 425 426 427 428 429 430 431 432 433 434 435 436 437 438 439 440 441 442 443 444 445 446 447 448 449 450 451 452 453 454 455 456 457 458 459 460 461 462 463 464 465 466 467 468 469 470 471 472 473 474 475 476 477 478 479 480 481 482 483 484 485 486 487 488 489 490 491 492 493 494 495 496 497 498 499 500 501 502 503 504 505 506 507 508 509 510 511 512 513 514 515 516 517 518 519 520 521 522 523 524 525 526 527 528 529 530 531 532 533 534 535 536 537 538 539 540 541 542 543 544 545 546 547 548 549 550 551 552 553 554 555 556 557 558 559 560 561 562 563 564 565 566 567 568 569 570 571 572 573 574 575 576 577 578 579 580 581 582 583 584 585 586 587 588 589 590 591 592 593 594 595 596 597 598 599 600 601 602 603 604 605 606 607 608 609 610 611 612 613 614 615 616 617 618 619 620 621 622 623 624 625 626 627 628 629 630 631 632 633 634 635 636 637 638 639 640 641 642 643 644 645 646 647 648 649 650 651 652 653 654 655 656 657 658 659 660 661 662 663 664 665 666 667 668 669 670 671 672 673 674 675 676 677 678 679 680 681 682 683 684 685 686 687 688 689 690 691 692 693 694 695 696 697 698 699 700 701 702 703 704 705 706 707 708 709 710 711 712 713 714 715 716 717 718 719 720 721 722 723 724 725 726 727 728 729 730 731 732 733 734 735 736 737 738 739 740 741 742 743 744 745 746 747 748 749 750 751 752 753 754 755 756 757 758 759 760 761 762 763 764 765 766 767 768 769 770 771 772 773 774 775 776 777 778 779 780 781 782 783 784 785 786 787 788 789 790 791 792 793 794 795 796 797 798 799 800 801 802 803 804 805 806 807 808 809 810 811 812 813 814 815 816 817 818 819 820 821 822 823 824 825 826 827 828 829 830 831 832 833 834 835 836 837 838 839 840 841 842 843 844 845 846 847 848 849 850 851 852 853 854 855 856 857 858 859 860 861 862 863 864 865 866 867 868 869 870 871 872 873 874 875 876 877 878 879 880 881 882 883 884 885 886 887 888 889 890 891 892 893 894 895 896 897 898 899 900 901 902 903 904 905 906 907 908 909 910 911 912 913 914 915 916 917 918 919 920 921 922 923 924 925 926 927 928 929 930 931 932 933 934 935 936 937 938 939 940 941 942 943 944 945 946 947 948 949 950 951 952 953 954 955 956 957 958 959 960 961 962 963 964 965 966 967 968 969 970 971 972 973 974 975 976 977 978 979 980 981 982 983 984 985 986 987 988 989 990 991 992 993 994 995 996 997 998 999 1000 1001 1002 1003 1004 1005 1006 1007 1008 1009 1010 1011 1012 1013 1014 1015 1016 1017 1018 1019 1020 1021 1022 1023 1024 1025 1026 1027 1028 1029 1030 1031 1032 1033 1034 1035 1036 1037 1038 1039 1040 1041 1042 1043 1044 1045 1046 1047 1048 1049 1050 1051 1052 1053 1054 1055 1056 1057 1058 1059 1060 1061 1062 1063 1064 1065 1066 1067 1068 1069 1070 1071 1072 1073 1074 1075 1076 1077 1078 1079 1080 1081 1082 1083 1084 1085 1086 1087 1088 1089 1090 1091 1092 1093 1094 1095 1096 1097 1098 1099 1100 1101 1102 1103 1104 1105 1106 1107 1108 1109 1110 1111 1112 1113 1114 1115 1116 1117 1118 1119 1120 1121 1122 1123 1124 1125 1126 1127 1128 1129 1130 1131 1132 1133 1134 1135 1136 1137 1138 1139 1140 1141 1142 1143 1144 1145 1146 1147 1148 1149 1150 1151 1152 1153 1154 1155 1156 1157 1158 1159 1160 1161 1162 1163 1164 1165 1166 1167 1168 1169 1170 1171 1172 1173 1174 1175 1176 1177 1178 1179 1180 1181 1182 1183 1184 1185 1186 1187 1188 1189 1190 1191 1192 1193 1194 1195 1196 1197 1198 1199 1200 1201 1202 1203 1204 1205 1206 1207 1208 1209 1210 1211 1212 1213 1214 1215 1216 1217 1218 1219 1220 1221 1222 1223 1224 1225 1226 1227 1228 1229 1230 1231 1232 1233 1234 1235 1236 1237 1238 1239 1240 1241 1242 1243 1244 1245 1246 1247 1248 1249 1250 1251 1252 1253 1254 1255 1256 1257 1258 1259 1260 1261 1262 1263 1264 1265 1266 1267 1268 1269 1270 1271 1272 1273 1274 1275 1276 1277 1278 1279 1280 1281 1282 1283 1284 1285 1286 1287 1288 1289 1290 1291 1292 1293 1294 1295 1296 1297 1298 1299 1300 1301 1302 1303 1304 1305 1306 1307 1308 1309 1310 1311 1312 1313 1314 1315 1316 1317 1318 1319 1320 1321 1322 1323 1324 1325 1326 1327 1328 1329 1330 1331 1332 1333 1334 1335 1336 1337 1338 1339 1340 1341 1342 1343 1344 1345 1346 1347 1348 1349 1350 1351 1352 1353 1354 1355 1356 1357 1358 1359 1360 1361 1362 1363 1364 1365 1366 1367 1368 1369 1370 1371 1372 1373 1374 1375 1376 1377 1378 1379 1380 1381 1382 1383 1384 1385 1386 1387 1388 1389 1390 1391 1392 1393 1394 1395 1396 1397 1398 1399 1400 1401 1402 1403 1404 1405 1406 1407 1408 1409 1410 1411 1412 1413 1414 1415 1416 1417 1418 1419 1420 1421 1422 1423 1424 1425 1426 1427 1428 1429 1430 1431 1432 1433 1434 1435 1436 1437 1438 1439 1440 1441 1442 1443 1444 1445 1446 1447 1448 1449 1450 1451 1452 1453 1454 1455 1456 1457 1458 1459 1460 1461 1462 1463 1464 1465 1466 1467 1468 1469 1470 1471 1472 1473 1474 1475 1476 1477 1478 1479 1480 1481 1482 1483 1484 1485 1486 1487 1488 1489 1490 1491 1492 1493 1494 1495 1496 1497 1498 1499 1500 1501 1502 1503 1504 1505 1506 1507 1508 1509 1510 1511 1512 1513 1514 1515 1516 1517 1518 1519 1520 1521 1522 1523 1524 1525 1526 1527 1528 1529 1530 1531 1532 1533 1534 1535 1536 1537 1538 1539 1540 1541 1542 1543 1544 1545 1546 1547 1548 1549 1550 1551 1552 1553 1554 1555 1556 1557 1558 1559 1560 1561 1562 1563 1564 1565 1566 1567 1568 1569 1570 1571 1572 1573 1574 1575 1576 1577 1578 1579 1580 1581 1582 1583 1584 1585 1586 1587 1588 1589 1590 1591 1592 1593 1594 1595 1596 1597 1598 1599 1600 1601 1602 1603 1604 1605 1606 1607 1608 1609 1610 1611 1612 1613 1614 1615 1616 1617 1618 1619 1620 1621 1622 1623 1624 1625 1626 1627 1628 1629 1630 1631 1632 1633 1634 1635 1636 1637 1638 1639 1640 1641 1642 1643 1644 1645 1646 1647 1648 1649 1650 1651 1652 1653 1654 1655 1656 1657 1658 1659 1660 1661 1662 1663 1664 1665 1666 1667 1668 1669 1670 1671 1672 1673 1674 1675 1676 1677 1678 1679 1680 1681 1682 1683 1684 1685 1686 1687 1688 1689 1690 1691 1692 1693 1694 1695 1696 1697 1698 1699 1700 1701 1702 1703 1704 1705 1706 1707 1708 1709 1710 1711 1712 1713 1714 1715 1716 1717 1718 1719 1720 1721 1722 1723 1724 1725 1726 1727 1728 1729 1730 1731 1732 1733 1734 1735 1736 1737 1738 1739 1740 1741 1742 1743 1744 1745 1746 1747 1748 1749 1750 1751 1752 1753 1754 1755 1756 1757 1758 1759 1760 1761 1762 1763 1764 1765 1766 1767 1768 1769 1770 1771 1772 1773 1774 1775 1776 1777 1778 1779 1780 1781 1782 1783 1784 1785 1786 1787 1788 1789 1790 1791 1792 1793 1794 1795 1796 1797 1798 1799 1800 1801 1802 1803 1804 1805 1806 1807 1808 1809 1810 1811 1812 1813 1814 1815 1816 1817 1818 1819 1820 1821 1822 1823 1824 1825 1826 1827 1828 1829 1830 1831 1832 1833 1834 1835 1836 1837 1838 1839 1840 1841 1842 1843 1844 1845 1846 1847 1848 1849 1850 1851 1852 1853 1854 1855 1856 1857 1858 1859 1860 1861 1862 1863 1864 1865 1866 1867 1868 1869 1870 1871 1872 1873 1874 1875 1876 1877 1878 1879 1880 1881 1882 1883 1884 1885 1886 1887 1888 1889 1890 1891 1892 1893 1894 1895 1896 1897 1898 1899 1900 1901 1902 1903 1904 1905 1906 1907 1908 1909 1910 1911 1912 1913 1914 1915 1916 1917 1918 1919 1920 1921 1922 1923 1924 1925 1926 1927 1928 1929 1930 1931 1932 1933 1934 1935 1936 1937 1938 1939 1940 1941 1942 1943 1944 1945 1946 1947 1948 1949 1950 1951 1952 1953 1954 1955 1956 1957 1958 1959 1960 1961 1962 1963 1964 1965 1966 1967 1968 1969 1970 1971 1972 1973 1974 1975 1976 1977 1978 1979 1980 1981 1982 1983 1984 1985 1986 1987 1988 1989 1990 1991 1992 1993 1994 1995 1996 1997 1998 1999 2000 2001 2002 2003 2004 2005 2006 2007 2008 2009 2010 2011 2012 2013 2014 2015 2016 2017 2018 2019 2020 2021 2022 2023 2024 2025 2026 2027 2028 2029 2030 2031 2032 2033 2034 2035 2036 2037 2038 2039 2040 2041 2042 2043 2044 2045 2046 2047 2048 2049 2050 2051 2052 2053 2054 2055 2056 2057 2058 2059 2060 2061 2062 2063 2064 2065 2066 2067 2068 2069 2070 2071 2072 2073 2074 2075 2076 2077 2078 2079 2080 2081 2082 2083 2084 2085 2086 2087 2088 2089 2090 2091 2092 2093 2094 2095 2096 2097 2098 2099 2100 2101 2102 2103 2104 2105 2106 2107 2108 2109 2110 2111 2112 2113 2114 2115 2116 2117 2118 2119 2120 2121 2122 2123 2124 2125 2126 2127 2128 2129 2130 2131 2132 2133 2134 2135 2136 2137 2138 2139 2140 2141 2141 2141 2141
2144
1299.440 748.070 -4474.280
1312.177 748.213 -4467.813
1324.946 748.356 -4461.408
1337.745 748.499 -4455.067
1350.576 748.641 -4448.787
1363.437 748.784 -4442.570
1376.327 748.927 -4436.415
1389.247 749.070 -4430.321
1402.196 749.213 -4424.289
1415.173 749.356 -4418.318
1428.177 749.498 -4412.407
1441.209 749.641 -4406.556
1454.267 749.784 -4400.764
1467.350 749.927 -4395.030
1480.458 750.070 -4389.353
1493.591 750.213 -4383.732
1506.747 750.356 -4378.166
1519.925 750.498 -4372.655
1533.126 750.641 -4367.196
1546.348 750.784 -4361.789
1559.590 750.927 -4356.433
1572.852 751.070 -4351.125
1586.133 751.213 -4345.864
1599.432 751.355 -4340.650
1612.748 751.498 -4335.480
1626.081 751.641 -4330.352
1639.430 751.784 -4325.265
1652.793 751.927 -4320.218
1666.170 752.070 -4315.207
1679.560 752.213 -4310.232
1692.963 752.355 -4305.291
1706.378 752.498 -4300.381
1719.803 752.641 -4295.500
1733.238 752.784 -4290.646
1746.682 752.927 -4285.818
1760.134 753.070 -4281.013
1773.594 753.213 -4276.229
1787.060 753.355 -4271.464
1800.533 753.498 -4266.715
1814.010 753.641 -4261.980
1827.491 753.784 -4257.257
1840.976 753.927 -4252.544
1854.463 754.070 -4247.838
1867.953 754.212 -4243.137
1881.443 754.355 -4238.438
1894.933 754.498 -4233.741
1908.422 754.641 -4229.041
1921.910 754.784 -4224.336
1935.396 754.927 -4219.626
1948.878 755.070 -4214.906
1962.357 755.212 -4210.175
1975.831 755.355 -4205.430
1989.299 755.498 -4200.670
2002.761 755.641 -4195.891
2016.215 755.784 -4191.092
2029.662 755.927 -4186.271
2043.099 756.069 -4181.425
2056.528 756.212 -4176.553
2069.945 756.355 -4171.651
2083.351 756.498 -4166.719
2096.745 756.641 -4161.754
2110.127 756.784 -4156.754
2123.494 756.927 -4151.718
2136.847 757.069 -4146.643
2150.184 757.212 -4141.527
2163.505 757.355 -4136.369
2176.810 757.498 -4131.168
2190.096 757.641 -4125.921
2203.363 757.784 -4120.627
2216.612 757.926 -4115.285
2229.840 758.069 -4109.893
2243.047 758.212 -4104.450
2256.232 758.355 -4098.954
2269.394 758.498 -4093.404
2282.534 758.641 -4087.799
2295.649 758.784 -4082.139
2308.740 758.926 -4076.421
2321.805 759.069 -4070.646
2334.844 759.212 -4064.812
2347.857 759.355 -4058.919
2360.842 759.498 -4052.965
2373.799 759.641 -4046.951
2386.727 759.784 -4040.876
2399.626 759.926 -4034.739
2412.496 760.069 -4028.540
2425.335 760.212 -4022.278
2438.144 760.355 -4015.955
2450.922 760.498 -4009.568
2463.668 760.641 -4003.120
2476.382 760.783 -3996.608
2489.065 760.926 -3990.034
2501.715 761.069 -3983.399
2514.332 761.212 -3976.701
2526.916 761.355 -3969.942
2539.468 761.498 -3963.121
2551.986 761.641 -3956.240
2564.471 761.783 -3949.300
2576.923 761.926 -3942.300
2589.342 762.069 -3935.241
2601.728 762.212 -3928.125
2614.081 762.355 -3920.951
2626.402 762.498 -3913.722
2638.690 762.640 -3906.438
2650.945 762.783 -3899.100
2663.170 762.926 -3891.709
2675.362 763.069 -3884.266
2687.524 763.212 -3876.774
2699.656 763.355 -3869.232
2711.758 763.498 -3861.642
2723.830 763.640 -3854.006
2735.874 763.783 -3846.326
2747.891 763.926 -3838.601
2759.880 764.069 -3830.835
2771.843 764.212 -3823.029
2783.781 764.355 -3815.184
2795.694 764.497 -3807.302
2807.584 764.640 -3799.385
2819.452 764.783 -3791.434
2831.298 764.926 -3783.451
2843.124 765.069 -3775.438
2854.930 765.212 -3767.397
2866.719 765.355 -3759.330
2878.491 765.497 -3751.238
2890.247 765.640 -3743.123
2901.989 765.783 -3734.988
2913.717 765.926 -3726.834
2925.435 766.069 -3718.663
2937.141 766.212 -3710.477
2948.839 766.354 -3702.278
2960.529 766.497 -3694.069
2972.213 766.640 -3685.850
2983.891 766.783 -3677.625
2995.567 766.926 -3669.394
3007.240 767.069 -3661.161
3018.913 767.212 -3652.927
3030.586 767.354 -3644.694
3042.262 767.497 -3636.464
3053.942 767.640 -3628.239
3065.626 767.783 -3620.022
3077.317 767.926 -3611.813
3089.016 768.069 -3603.616
3100.724 768.212 -3595.432
3112.442 768.354 -3587.263
3124.172 768.497 -3579.111
3135.916 768.640 -3570.978
3147.674 768.783 -3562.866
3159.448 768.926 -3554.777
3171.239 769.069 -3546.713
3183.048 769.211 -3538.676
3194.876 769.354 -3530.666
3206.725 769.497 -3522.688
3218.595 769.640 -3514.741
3230.488 769.783 -3506.828
3242.404 769.926 -3498.950
3254.345 770.069 -3491.110
3266.311 770.211 -3483.309
3278.304 770.354 -3475.548
3290.324 770.497 -3467.829
3302.371 770.640 -3460.154
3314.447 770.783 -3452.524
3326.553 770.926 -3444.940
3338.688 771.068 -3437.404
3350.854 771.211 -3429.917
3363.051 771.354 -3422.481
3375.279 771.497 -3415.097
3387.539 771.640 -3407.766
3399.831 771.783 -3400.488
3412.155 771.926 -3393.266
3424.512 772.068 -3386.100
3436.902 772.211 -3378.991
3449.326 772.354 -3371.939
3461.782 772.497 -3364.946
3474.271 772.640 -3358.013
3486.793 772.783 -3351.140
3499.349 772.925 -3344.327
3511.938 773.068 -3337.576
3524.559 773.211 -3330.886
3537.213 773.354 -3324.257
3549.899 773.497 -3317.692
3562.618 773.640 -3311.188
3575.368 773.783 -3304.747
3588.149 773.925 -3298.369
3600.962 774.068 -3292.053
3613.805 774.211 -3285.799
3626.679 774.354 -3279.608
3639.582 774.497 -3273.479
3652.514 774.640 -3267.411
3665.474 774.783 -3261.404
3678.463 774.925 -3255.458
3691.478 775.068 -3249.572
3704.521 775.211 -3243.746
3717.589 775.354 -3237.978
3730.683 775.497 -3232.268
3743.801 775.640 -3226.614
3756.944 775.782 -3221.016
3770.109 775.925 -3215.474
3783.297 776.068 -3209.984
3796.507 776.211 -3204.547
3809.737 776.354 -3199.161
3822.988 776.497 -3193.825
3836.258 776.640 -3188.537
3849.547 776.782 -3183.296
3862.853 776.925 -3178.101
3876.176 777.068 -3172.948
3889.515 777.211 -3167.838
3902.870 777.354 -3162.768
3916.239 777.497 -3157.736
3929.622 777.639 -3152.740
3943.018 777.782 -3147.779
3956.426 777.925 -3142.851
3969.844 778.068 -3137.954
3983.274 778.211 -3133.085
3996.713 778.354 -3128.242
4010.160 778.497 -3123.424
4023.616 778.639 -3118.628
4037.079 778.782 -3113.851
4050.547 778.925 -3109.093
4064.022 779.068 -3104.350
4077.501 779.211 -3099.621
4090.984 779.354 -3094.902
4104.470 779.496 -3090.192
4117.958 779.639 -3085.489
4131.448 779.782 -3080.789
4144.938 779.925 -3076.091
4158.428 780.068 -3071.393
4171.917 780.211 -3066.691
4185.404 780.354 -3061.985
4198.888 780.496 -3057.270
4212.369 780.639 -3052.546
4225.846 780.782 -3047.810
4239.317 780.925 -3043.059
4252.783 781.068 -3038.291
4266.242 781.211 -3033.504
4279.693 781.353 -3028.697
4293.136 781.496 -3023.865
4306.570 781.639 -3019.009
4319.994 781.782 -3014.124
4333.407 781.925 -3009.210
4346.808 782.068 -3004.265
4360.197 782.211 -2999.285
4373.572 782.353 -2994.271
4386.934 782.496 -2989.218
4400.280 782.639 -2984.126
4413.611 782.782 -2978.993
4426.925 782.925 -2973.818
4440.222 783.068 -2968.598
4453.501 783.211 -2963.331
4466.760 783.353 -2958.018
4480.000 783.496 -2952.655
4493.219 783.639 -2947.241
4506.417 783.782 -2941.776
4519.593 783.925 -2936.258
4532.746 784.068 -2930.686
4545.876 784.210 -2925.058
4558.981 784.353 -2919.374
4572.061 784.496 -2913.632
4585.116 784.639 -2907.833
4598.144 784.782 -2901.974
4611.145 784.925 -2896.056
4624.118 785.068 -2890.077
4637.063 785.210 -2884.037
4649.980 785.353 -2877.936
4662.867 785.496 -2871.773
4675.724 785.639 -2865.548
4688.550 785.782 -2859.261
4701.346 785.925 -2852.911
4714.111 786.067 -2846.499
4726.844 786.210 -2840.024
4739.545 786.353 -2833.487
4752.214 786.496 -2826.887
4764.850 786.639 -2820.226
4777.454 786.782 -2813.502
4790.024 786.925 -2806.717
4802.562 787.067 -2799.872
4815.067 787.210 -2792.966
4827.538 787.353 -2786.000
4839.976 787.496 -2778.976
4852.381 787.639 -2771.893
4864.754 787.782 -2764.753
4877.093 787.924 -2757.556
4889.400 788.067 -2750.304
4901.674 788.210 -2742.997
4913.917 788.353 -2735.637
4926.128 788.496 -2728.224
4938.308 788.639 -2720.761
4950.457 788.782 -2713.247
4962.576 788.924 -2705.685
4974.666 789.067 -2698.076
4986.726 789.210 -2690.422
4998.759 789.353 -2682.723
5010.764 789.496 -2674.981
5022.742 789.639 -2667.198
5034.695 789.782 -2659.375
5046.622 789.924 -2651.514
5058.526 790.067 -2643.618
5070.406 790.210 -2635.686
5082.264 790.353 -2627.722
5094.102 790.496 -2619.726
5105.920 790.639 -2611.701
5117.719 790.781 -2603.649
5129.500 790.924 -2595.571
5141.265 791.067 -2587.470
5153.015 791.210 -2579.346
5164.752 791.353 -2571.203
5176.475 791.496 -2563.041
5188.188 791.639 -2554.864
5199.891 791.781 -2546.673
5211.585 791.924 -2538.469
5223.272 792.067 -2530.256
5234.954 792.210 -2522.034
5246.631 792.353 -2513.806
5258.305 792.496 -2505.574
5269.978 792.638 -2497.340
5281.651 792.781 -2489.106
5293.325 792.924 -2480.874
5305.002 793.067 -2472.646
5316.684 793.210 -2464.424
5328.371 793.353 -2456.210
5340.065 793.496 -2448.006
5351.767 793.638 -2439.814
5363.479 793.781 -2431.636
5375.203 793.924 -2423.474
5386.938 794.067 -2415.330
5398.688 794.210 -2407.206
5410.452 794.353 -2399.103
5422.233 794.495 -2391.024
5434.031 794.638 -2382.971
5445.848 794.781 -2374.945
5457.685 794.924 -2366.948
5469.542 795.067 -2358.983
5481.422 795.210 -2351.050
5493.324 795.353 -2343.151
5505.251 795.495 -2335.289
5517.202 795.638 -2327.465
5529.179 795.781 -2319.680
5541.183 795.924 -2311.937
5553.214 796.067 -2304.236
5565.274 796.210 -2296.579
5577.362 796.352 -2288.968
5589.480 796.495 -2281.404
5601.628 796.638 -2273.889
5613.807 796.781 -2266.423
5626.016 796.924 -2259.008
5638.258 797.067 -2251.646
5650.531 797.210 -2244.337
5662.836 797.352 -2237.082
5675.174 797.495 -2229.883
5687.545 797.638 -2222.741
5699.949 797.781 -2215.656
5712.386 797.924 -2208.629
5724.856 798.067 -2201.661
5737.359 798.210 -2194.752
5749.895 798.352 -2187.904
5762.465 798.495 -2181.117
5775.067 798.638 -2174.391
5787.702 798.781 -2167.726
5800.369 798.924 -2161.124
5813.069 799.067 -2154.584
5825.801 799.209 -2148.107
5838.564 799.352 -2141.692
5851.359 799.495 -2135.340
5864.184 799.638 -2129.050
5877.040 799.781 -2122.822
5889.926 799.924 -2116.657
5902.841 800.067 -2110.553
5915.785 800.209 -2104.511
5928.757 800.352 -2098.530
5941.757 800.495 -2092.609
5954.784 800.638 -2086.748
5967.837 800.781 -2080.946
5980.916 800.924 -2075.202
5994.020 801.066 -2069.515
6007.149 801.209 -2063.885
6020.301 801.352 -2058.310
6033.476 801.495 -2052.790
6046.673 801.638 -2047.323
6059.891 801.781 -2041.907
6073.130 801.924 -2036.542
6086.389 802.066 -2031.226
6099.667 802.209 -2025.958
6112.963 802.352 -2020.736
6126.277 802.495 -2015.559
6139.607 802.638 -2010.424
6152.952 802.781 -2005.331
6166.313 802.923 -2000.277
6179.688 803.066 -1995.260
6193.077 803.209 -1990.279
6206.477 803.352 -1985.332
6219.890 803.495 -1980.417
6233.313 803.638 -1975.532
6246.747 803.781 -1970.674
6260.189 803.923 -1965.842
6273.640 804.066 -1961.033
6287.099 804.209 -1956.245
6300.564 804.352 -1951.477
6314.036 804.495 -1946.725
6327.512 804.638 -1941.988
6340.993 804.781 -1937.264
6354.477 804.923 -1932.549
6367.964 805.066 -1927.842
6381.453 805.209 -1923.140
6394.943 805.352 -1918.442
6408.433 805.495 -1913.744
6421.923 805.638 -1909.045
6435.411 805.780 -1904.341
6448.897 805.923 -1899.632
6462.380 806.066 -1894.913
6475.859 806.209 -1890.184
6489.334 806.352 -1885.442
6502.803 806.495 -1880.685
6516.266 806.638 -1875.909
6529.722 806.780 -1871.114
6543.170 806.923 -1866.297
6556.609 807.066 -1861.455
6570.039 807.209 -1856.587
6583.458 807.352 -1851.691
6596.866 807.495 -1846.764
6610.263 807.637 -1841.804
6623.646 807.780 -1836.811
6637.016 807.923 -1831.780
6650.371 808.066 -1826.712
6663.711 808.209 -1821.603
6677.035 808.352 -1816.452
6690.342 808.495 -1811.258
6703.631 808.637 -1806.019
6716.902 808.780 -1800.733
6730.154 808.923 -1795.399
6743.385 809.066 -1790.016
6756.596 809.209 -1784.581
6769.784 809.352 -1779.094
6782.951 809.494 -1773.553
6796.094 809.637 -1767.958
6809.214 809.780 -1762.307
6822.308 809.923 -1756.599
6835.378 810.066 -1750.833
6848.422 810.209 -1745.009
6861.438 810.352 -1739.126
6874.428 810.494 -1733.182
6887.390 810.637 -1727.178
6900.323 810.780 -1721.113
6913.227 810.923 -1714.986
6926.102 811.066 -1708.797
6938.946 811.209 -1702.547
6951.760 811.351 -1696.233
6964.543 811.494 -1689.857
6977.295 811.637 -1683.419
6990.014 811.780 -1676.918
7002.702 811.923 -1670.355
7015.357 812.066 -1663.729
7027.980 812.209 -1657.042
7040.570 812.351 -1650.293
7053.127 812.494 -1643.483
7065.651 812.637 -1636.612
7078.141 812.780 -1629.681
7090.599 812.923 -1622.691
7103.023 813.066 -1615.642
7115.415 813.209 -1608.535
7127.773 813.351 -1601.371
7140.099 813.494 -1594.151
7152.393 813.637 -1586.876
7164.654 813.780 -1579.547
7176.883 813.923 -1572.165
7189.081 814.066 -1564.731
7201.248 814.208 -1557.246
7213.385 814.351 -1549.713
7225.491 814.494 -1542.131
7237.569 814.637 -1534.503
7249.618 814.780 -1526.829
7261.639 814.923 -1519.112
7273.632 815.066 -1511.353
7285.600 815.208 -1503.553
7297.542 815.351 -1495.715
7309.459 815.494 -1487.839
7321.353 815.637 -1479.927
7333.224 815.780 -1471.982
7345.074 815.923 -1464.004
7356.903 816.065 -1455.996
7368.712 816.208 -1447.960
7380.504 816.351 -1439.897
7392.278 816.494 -1431.809
7404.037 816.637 -1423.698
7415.781 816.780 -1415.566
7427.512 816.923 -1407.415
7439.231 817.065 -1399.246
7450.939 817.208 -1391.063
7462.639 817.351 -1382.866
7474.330 817.494 -1374.658
7486.014 817.637 -1366.441
7497.694 817.780 -1358.216
7509.370 817.922 -1349.987
7521.043 818.065 -1341.754
7532.716 818.208 -1333.520
7544.389 818.351 -1325.286
7556.065 818.494 -1317.056
7567.743 818.637 -1308.830
7579.427 818.780 -1300.611
7591.117 818.922 -1292.401
7602.814 819.065 -1284.202
7614.520 819.208 -1276.015
7626.237 819.351 -1267.844
7637.965 819.494 -1259.689
7649.706 819.637 -1251.553
7661.462 819.780 -1243.437
7673.233 819.922 -1235.344
7685.021 820.065 -1227.276
7696.827 820.208 -1219.234
7708.652 820.351 -1211.220
7720.497 820.494 -1203.236
7732.364 820.637 -1195.283
7744.253 820.779 -1187.365
7756.165 820.922 -1179.481
7768.102 821.065 -1171.635
7780.064 821.208 -1163.827
7792.052 821.351 -1156.059
7804.067 821.494 -1148.333
7816.110 821.637 -1140.650
7828.181 821.779 -1133.012
7840.282 821.922 -1125.421
7852.412 822.065 -1117.877
7864.573 822.208 -1110.382
7876.764 822.351 -1102.938
7888.987 822.494 -1095.545
7901.242 822.636 -1088.204
7913.529 822.779 -1080.918
7925.848 822.922 -1073.686
7938.199 823.065 -1066.511
7950.584 823.208 -1059.392
7963.001 823.351 -1052.331
7975.452 823.494 -1045.328
7987.936 823.636 -1038.385
8000.453 823.779 -1031.502
8013.003 823.922 -1024.679
8025.586 824.065 -1017.917
8038.202 824.208 -1011.217
8050.850 824.351 -1004.578
8063.531 824.493 -998.002
8076.244 824.636 -991.488
8088.989 824.779 -985.037
8101.766 824.922 -978.648
8114.573 825.065 -972.321
8127.411 825.208 -966.058
8140.280 825.351 -959.856
8153.178 825.493 -953.716
8166.105 825.636 -947.638
8179.061 825.779 -941.622
8192.045 825.922 -935.666
8205.056 826.065 -929.770
8218.094 826.208 -923.933
8231.158 826.350 -918.156
8244.248 826.493 -912.436
8257.362 826.636 -906.773
8270.500 826.779 -901.166
8283.662 826.922 -895.614
8296.846 827.065 -890.116
8310.052 827.208 -884.670
8323.280 827.350 -879.276
8336.527 827.493 -873.932
8349.794 827.636 -868.636
8363.079 827.779 -863.387
8376.383 827.922 -858.184
8389.703 828.065 -853.024
8403.040 828.208 -847.907
8416.392 828.350 -842.830
8429.759 828.493 -837.792
8443.139 828.636 -832.791
8456.533 828.779 -827.824
8469.939 828.922 -822.891
8483.356 829.065 -817.988
8496.784 829.207 -813.115
8510.221 829.350 -808.268
8523.667 829.493 -803.446
8537.121 829.636 -798.646
8550.583 829.779 -793.867
8564.051 829.922 -789.105
8577.525 830.065 -784.360
8591.003 830.207 -779.629
8604.485 830.350 -774.908
8617.971 830.493 -770.197
8631.459 830.636 -765.493
8644.948 830.779 -760.793
8658.438 830.922 -756.095
8671.928 831.064 -751.396
8685.417 831.207 -746.696
8698.905 831.350 -741.990
8712.390 831.493 -737.277
8725.871 831.636 -732.555
8739.349 831.779 -727.820
8752.821 831.922 -723.072
8766.288 832.064 -718.307
8779.748 832.207 -713.524
8793.201 832.350 -708.720
8806.645 832.493 -703.893
8820.080 832.636 -699.040
8833.506 832.779 -694.161
8846.921 832.921 -689.252
8860.324 833.064 -684.312
8873.715 833.207 -679.338
8887.093 833.350 -674.329
8900.457 833.493 -669.283
8913.806 833.636 -664.198
8927.139 833.779 -659.072
8940.456 833.921 -653.904
8953.756 834.064 -648.691
8967.038 834.207 -643.433
8980.300 834.350 -638.127
8993.544 834.493 -632.772
9006.766 834.636 -627.368
9019.968 834.779 -621.911
9033.148 834.921 -616.402
9046.304 835.064 -610.839
9059.438 835.207 -605.220
9072.547 835.350 -599.545
9085.632 835.493 -593.814
9098.690 835.636 -588.024
9111.723 835.778 -582.175
9124.728 835.921 -576.267
9137.706 836.064 -570.298
9150.656 836.207 -564.269
9163.578 836.350 -558.178
9176.469 836.493 -552.025
9189.332 836.636 -545.811
9202.163 836.778 -539.534
9214.964 836.921 -533.194
9227.734 837.064 -526.793
9240.473 837.207 -520.328
9253.179 837.350 -513.801
9265.853 837.493 -507.212
9278.495 837.635 -500.561
9291.104 837.778 -493.847
9303.680 837.921 -487.073
9316.223 838.064 -480.237
9328.733 838.207 -473.341
9341.210 838.350 -466.386
9353.654 838.493 -459.371
9366.065 838.635 -452.298
9378.443 838.778 -445.167
9390.787 838.921 -437.980
9403.100 839.064 -430.737
9415.380 839.207 -423.439
9427.628 839.350 -416.088
9439.844 839.492 -408.684
9452.029 839.635 -401.229
9464.183 839.778 -393.723
9476.307 839.921 -386.169
9488.402 840.064 -378.568
9500.467 840.207 -370.921
9512.504 840.350 -363.229
9524.514 840.492 -355.494
9536.496 840.635 -347.718
9548.453 840.778 -339.902
9560.385 840.921 -332.048
9572.292 841.064 -324.157
9584.176 841.207 -316.231
9596.038 841.349 -308.272
9607.879 841.492 -300.281
9619.700 841.635 -292.261
9631.502 841.778 -284.213
9643.286 841.921 -276.140
9655.054 842.064 -268.042
9666.807 842.207 -259.922
9678.545 842.349 -251.782
9690.271 842.492 -243.623
9701.985 842.635 -235.448
9713.690 842.778 -227.259
9725.385 842.921 -219.058
9737.073 843.064 -210.846
9748.756 843.207 -202.625
9760.434 843.349 -194.398
9772.108 843.492 -186.167
9783.781 843.635 -177.933
9795.454 843.778 -169.699
9807.128 843.921 -161.466
9818.805 844.064 -153.238
9830.485 844.206 -145.015
9842.171 844.349 -136.799
9853.864 844.492 -128.593
9865.565 844.635 -120.399
9877.275 844.778 -112.219
9888.997 844.921 -104.054
9900.730 845.064 -95.907
9912.477 845.206 -87.779
9924.239 845.349 -79.673
9936.017 845.492 -71.590
9947.812 845.635 -63.532
9959.626 845.778 -55.501
9971.459 845.921 -47.499
9983.313 846.063 -39.528
9995.189 846.206 -31.590
10007.088 846.349 -23.686
10019.010 846.492 -15.817
10030.957 846.635 -7.987
10042.930 846.778 -0.195
10054.929 846.921 7.555
10066.956 847.063 15.263
10079.011 847.206 22.927
10091.094 847.349 30.546
10103.207 847.492 38.118
10115.350 847.635 45.642
10127.523 847.778 53.116
10139.728 847.920 60.539
10151.964 848.063 67.910
10164.232 848.206 75.228
10176.532 848.349 82.492
10188.864 848.492 89.700
10201.230 848.635 96.852
10213.628 848.778 103.947
10226.059 848.920 110.984
10238.524 849.063 117.962
10251.022 849.206 124.880
10263.552 849.349 131.738
10276.116 849.492 138.536
10288.713 849.635 145.272
10301.342 849.778 151.947
10314.004 849.920 158.559
10326.699 850.063 165.110
10339.425 850.206 171.598
10352.183 850.349 178.023
10364.973 850.492 184.386
10377.793 850.635 190.686
10390.644 850.777 196.924
10403.525 850.920 203.100
10416.435 851.063 209.213
10429.374 851.206 215.266
10442.342 851.349 221.257
10455.337 851.492 227.188
10468.360 851.635 233.059
10481.409 851.777 238.871
10494.483 851.920 244.625
10507.583 852.063 250.321
10520.708 852.206 255.960
10533.856 852.349 261.544
10547.027 852.492 267.073
10560.221 852.634 272.549
10573.436 852.777 277.973
10586.671 852.920 283.347
10599.927 853.063 288.671
10613.202 853.206 293.947
10626.495 853.349 299.176
10639.805 853.492 304.361
10653.133 853.634 309.503
10666.476 853.777 314.603
10679.834 853.920 319.663
10693.207 854.063 324.686
10706.593 854.206 329.672
10719.992 854.349 334.625
10733.402 854.491 339.545
10746.824 854.634 344.436
10760.256 854.777 349.298
10773.697 854.920 354.134
10787.147 855.063 358.947
10800.604 855.206 363.738
10814.068 855.349 368.509
10827.539 855.491 373.263
10841.014 855.634 378.003
10854.494 855.777 382.729
10867.978 855.920 387.445
10881.465 856.063 392.154
10894.953 856.206 396.856
10908.443 856.348 401.555
10921.933 856.491 406.253
10935.423 856.634 410.952
10948.912 856.777 415.654
10962.398 856.920 420.362
10975.882 857.063 425.079
10989.362 857.206 429.806
11002.837 857.348 434.546
11016.307 857.491 439.301
11029.771 857.634 444.073
11043.229 857.777 448.865
11056.678 857.920 453.678
11070.119 858.063 458.516
11083.550 858.206 463.379
11096.971 858.348 468.271
11110.381 858.491 473.192
11123.780 858.634 478.146
11137.165 858.777 483.134
11150.537 858.920 488.158
11163.895 859.063 493.220
11177.238 859.205 498.322
11190.564 859.348 503.466
11203.874 859.491 508.652
11217.166 859.634 513.884
11230.440 859.777 519.162
11243.695 859.920 524.488
11256.930 860.063 529.863
11270.144 860.205 535.289
11283.337 860.348 540.768
11296.507 860.491 546.299
11309.654 860.634 551.885
11322.777 860.777 557.527
11335.876 860.920 563.226
11348.950 861.062 568.982
11361.998 861.205 574.796
11375.019 861.348 580.669
11388.014 861.491 586.603
11400.980 861.634 592.597
11413.918 861.777 598.652
11426.827 861.920 604.768
11439.707 862.062 610.946
11452.556 862.205 617.187
11465.375 862.348 623.490
11478.163 862.491 629.855
11490.920 862.634 636.283
11503.645 862.777 642.774
11516.338 862.919 649.327
11528.999 863.062 655.942
11541.627 863.205 662.619
11554.223 863.348 669.358
11566.785 863.491 676.158
11579.314 863.634 683.018
11591.811 863.777 689.939
11604.274 863.919 696.920
11616.704 864.062 703.959
11629.101 864.205 711.056
11641.465 864.348 718.211
11653.796 864.491 725.421
11666.095 864.634 732.687
11678.361 864.777 740.007
11690.596 864.919 747.381
11702.799 865.062 754.806
11714.971 865.205 762.282
11727.113 865.348 769.808
11739.224 865.491 777.382
11751.307 865.634 785.002
11763.360 865.776 792.668
11775.386 865.919 800.378
11787.384 866.062 808.131
11799.356 866.205 815.924
11811.302 866.348 823.756
11823.223 866.491 831.626
11835.121 866.634 839.532
11846.996 866.776 847.471
11858.849 866.919 855.444
11870.681 867.062 863.447
11882.494 867.205 871.479
11894.289 867.348 879.537
11906.066 867.491 887.621
11917.827 867.633 895.729
11929.574 867.776 903.857
11941.307 867.919 912.005
11953.027 868.062 920.171
11964.737 868.205 928.352
11976.438 868.348 936.547
11988.130 868.491 944.753
11999.816 868.633 952.969
12011.496 868.776 961.192
12023.173 868.919 969.421
12034.847 869.062 977.654
12046.519 869.205 985.888
12058.193 869.348 994.121
12069.867 869.490 1002.353
12081.545 869.633 1010.579
12093.228 869.776 1018.799
12104.917 869.919 1027.011
12116.612 870.062 1035.212
12128.317 870.205 1043.401
12140.032 870.348 1051.575
12151.758 870.490 1059.733
12163.497 870.633 1067.872
12175.250 870.776 1075.991
12187.019 870.919 1084.088
12198.804 871.062 1092.161
12210.607 871.205 1100.207
12222.428 871.347 1108.226
12234.270 871.490 1116.215
12246.133 871.633 1124.173
12258.018 871.776 1132.098
12269.927 871.919 1139.987
12281.859 872.062 1147.840
12293.817 872.205 1155.654
12305.801 872.347 1163.429
12317.811 872.490 1171.162
12329.850 872.633 1178.852
12341.916 872.776 1186.497
12354.012 872.919 1194.097
12366.137 873.062 1201.649
12378.293 873.205 1209.152
12390.479 873.347 1216.605
12402.697 873.490 1224.006
12414.946 873.633 1231.356
12427.227 873.776 1238.651
12439.541 873.919 1245.892
12451.887 874.062 1253.077
12464.266 874.204 1260.205
12476.678 874.347 1267.276
12489.123 874.490 1274.288
12501.602 874.633 1281.242
12514.113 874.776 1288.135
12526.658 874.919 1294.968
12539.235 875.062 1301.740
12551.845 875.204 1308.451
12564.489 875.347 1315.099
12577.164 875.490 1321.686
12589.872 875.633 1328.210
12602.612 875.776 1334.672
12615.383 875.919 1341.071
12628.185 876.061 1347.408
12641.018 876.204 1353.682
12653.882 876.347 1359.894
12666.775 876.490 1366.044
12679.697 876.633 1372.133
12692.648 876.776 1378.159
12705.627 876.919 1384.126
12718.634 877.061 1390.031
12731.668 877.204 1395.878
12744.728 877.347 1401.665
12757.813 877.490 1407.395
12770.923 877.633 1413.067
12784.058 877.776 1418.683
12797.216 877.918 1424.244
12810.396 878.061 1429.751
12823.599 878.204 1435.205
12836.822 878.347 1440.608
12850.066 878.490 1445.961
12863.330 878.633 1451.264
12876.612 878.776 1456.521
12889.913 878.918 1461.732
12903.231 879.061 1466.898
12916.565 879.204 1472.022
12929.914 879.347 1477.106
12943.279 879.490 1482.150
12956.657 879.633 1487.158
12970.049 879.776 1492.130
12983.452 879.918 1497.069
12996.868 880.061 1501.976
13010.294 880.204 1506.855
13023.729 880.347 1511.706
13037.174 880.490 1516.532
13050.627 880.633 1521.335
13064.088 880.775 1526.118
13077.555 880.918 1530.882
13091.027 881.061 1535.629
13104.505 881.204 1540.363
13117.987 881.347 1545.085
13131.472 881.490 1549.798
13144.959 881.633 1554.503
13158.448 881.775 1559.204
13171.938 881.918 1563.902
13185.429 882.061 1568.600
13198.918 882.204 1573.300
13212.406 882.347 1578.005
13225.891 882.490 1582.716
13239.373 882.632 1587.437
13252.851 882.775 1592.169
13266.325 882.918 1596.915
13279.793 883.061 1601.677
13293.254 883.204 1606.457
13306.708 883.347 1611.258
13320.154 883.490 1616.081
13333.591 883.632 1620.929
13347.018 883.775 1625.804
13360.434 883.918 1630.707
13373.840 884.061 1635.642
13387.233 884.204 1640.610
13400.613 884.347 1645.613
13413.979 884.489 1650.653
13427.331 884.632 1655.731
13440.667 884.775 1660.850
13453.986 884.918 1666.011
13467.289 885.061 1671.216
13480.574 885.204 1676.467
13493.840 885.347 1681.765
13507.086 885.489 1687.111
13520.313 885.632 1692.508
13533.518 885.775 1697.955
13546.701 885.918 1703.456
13559.862 886.061 1709.010
13572.999 886.204 1714.619
13586.113 886.346 1720.284
13599.201 886.489 1726.007
13612.264 886.632 1731.787
13625.301 886.775 1737.626
13638.311 886.918 1743.524
13651.294 887.061 1749.483
13664.249 887.204 1755.502
13677.175 887.346 1761.582
13690.072 887.489 1767.725
13702.939 887.632 1773.929
13715.776 887.775 1780.195
13728.582 887.918 1786.524
13741.357 888.061 1792.916
13754.101 888.204 1799.370
13766.812 888.346 1805.886
13779.492 888.489 1812.465
13792.139 888.632 1819.106
13804.754 888.775 1825.809
13817.335 888.918 1832.573
13829.884 889.061 1839.399
13842.399 889.203 1846.285
13854.882 889.346 1853.230
13867.331 889.489 1860.235
13879.747 889.632 1867.299
13892.131 889.775 1874.420
13904.481 889.918 1881.598
13916.799 890.061 1888.832
13929.084 890.203 1896.121
13941.337 890.346 1903.463
13953.559 890.489 1910.858
13965.749 890.632 1918.305
13977.908 890.775 1925.802
13990.037 890.918 1933.348
14002.137 891.060 1940.941
14014.207 891.203 1948.581
14026.249 891.346 1956.265
14038.263 891.489 1963.993
14050.250 891.632 1971.763
14062.211 891.775 1979.572
14074.146 891.918 1987.420
14086.058 892.060 1995.305
14097.946 892.203 2003.226
14109.811 892.346 2011.179
14121.656 892.489 2019.165
14133.480 892.632 2027.180
14145.285 892.775 2035.223
14157.072 892.917 2043.293
14168.843 893.060 2051.386
14180.598 893.203 2059.503
14192.338 893.346 2067.640
14204.066 893.489 2075.795
14215.782 893.632 2083.968
14227.488 893.775 2092.155
14239.185 893.917 2100.354
14250.875 894.060 2108.565
14262.558 894.203 2116.784
14274.236 894.346 2125.010
14285.911 894.489 2133.241
14297.585 894.632 2141.474
14309.257 894.775 2149.708
14320.931 894.917 2157.941
14332.607 895.060 2166.171
14344.287 895.203 2174.395
14355.972 895.346 2182.612
14367.663 895.489 2190.819
14379.363 895.632 2199.016
14391.071 895.774 2207.199
14402.791 895.917 2215.366
14414.522 896.060 2223.516
14426.267 896.203 2231.648
14438.026 896.346 2239.758
14449.802 896.489 2247.845
14461.594 896.632 2255.907
14473.404 896.774 2263.942
14485.234 896.917 2271.949
14497.085 897.060 2279.925
14508.957 897.203 2287.869
14520.852 897.346 2295.779
14532.770 897.489 2303.653
14544.713 897.631 2311.491
14556.681 897.774 2319.289
14568.676 897.917 2327.046
14580.698 898.060 2334.761
14592.748 898.203 2342.433
14604.827 898.346 2350.059
14616.935 898.489 2357.639
14629.073 898.631 2365.171
14641.241 898.774 2372.653
14653.440 898.917 2380.085
14665.671 899.060 2387.465
14677.934 899.203 2394.792
14690.228 899.346 2402.065
14702.555 899.488 2409.282
14714.915 899.631 2416.444
14727.308 899.774 2423.548
14739.734 899.917 2430.595
14752.193 900.060 2437.583
14764.685 900.203 2444.511
14777.210 900.346 2451.379
14789.769 900.488 2458.187
14802.360 900.631 2464.933
14814.984 900.774 2471.618
14827.641 900.917 2478.241
14840.330 901.060 2484.802
14853.051 901.203 2491.300
14865.803 901.345 2497.736
14878.588 901.488 2504.109
14891.403 901.631 2510.420
14904.249 901.774 2516.668
14917.125 901.917 2522.854
14930.030 902.060 2528.978
14942.964 902.203 2535.041
14955.927 902.345 2541.042
14968.918 902.488 2546.983
14981.936 902.631 2552.864
14994.981 902.774 2558.686
15008.051 902.917 2564.449
15021.147 903.060 2570.155
15034.267 903.203 2575.804
15047.412 903.345 2581.397
15060.579 903.488 2586.935
15073.769 903.631 2592.420
15086.980 903.774 2597.852
15100.213 903.917 2603.234
15113.465 904.060 2608.566
15126.736 904.202 2613.850
15140.027 904.345 2619.087
15153.334 904.488 2624.279
15166.659 904.631 2629.428
15180.000 904.774 2634.535
15193.355 904.917 2639.602
15206.726 905.060 2644.631
15220.110 905.202 2649.623
15233.506 905.345 2654.581
15246.915 905.488 2659.507
15260.335 905.631 2664.402
15273.765 905.774 2669.269
15287.205 905.917 2674.109
15300.653 906.059 2678.926
15314.109 906.202 2683.720
15327.572 906.345 2688.495
15341.042 906.488 2693.252
15354.517 906.631 2697.993
15367.996 906.774 2702.722
15381.479 906.917 2707.440
15394.966 907.059 2712.149
15408.454 907.202 2716.852
15421.944 907.345 2721.551
15435.434 907.488 2726.249
15448.924 907.631 2730.948
15462.412 907.774 2735.650
15475.899 907.916 2740.357
15489.383 908.059 2745.072
15502.864 908.202 2749.797
15516.340 908.345 2754.535
15529.811 908.488 2759.287
15543.277 908.631 2764.056
15556.735 908.774 2768.844
15570.186 908.916 2773.654
15583.628 909.059 2778.487
15597.061 909.202 2783.346
15610.484 909.345 2788.233
15623.896 909.488 2793.149
15637.296 909.631 2798.098
15650.684 909.774 2803.080
15664.058 909.916 2808.098
15677.418 910.059 2813.154
15690.764 910.202 2818.249
15704.093 910.345 2823.385
15717.406 910.488 2828.564
15730.701 910.631 2833.788
15743.978 910.773 2839.059
15757.236 910.916 2844.376
15770.474 911.059 2849.743
15783.692 911.202 2855.161
15796.888 911.345 2860.631
15810.062 911.488 2866.153
15823.213 911.631 2871.730
15836.341 911.773 2877.363
15849.444 911.916 2883.051
15862.522 912.059 2888.798
15875.574 912.202 2894.602
15888.600 912.345 2900.466
15901.599 912.488 2906.389
15914.570 912.630 2912.373
15927.512 912.773 2918.418
15940.426 912.916 2924.524
15953.311 913.059 2930.692
15966.165 913.202 2936.922
15978.990 913.345 2943.215
15991.783 913.488 2949.570
16004.545 913.630 2955.987
16017.275 913.773 2962.467
16029.974 913.916 2969.010
16042.640 914.059 2975.614
16055.273 914.202 2982.281
16067.874 914.345 2989.010
16080.442 914.487 2995.800
16092.977 914.630 3002.650
16105.479 914.773 3009.561
16117.947 914.916 3016.532
16130.383 915.059 3023.561
16142.785 915.202 3030.649
16155.155 915.345 3037.794
16167.492 915.487 3044.995
16179.796 915.630 3052.252
16192.068 915.773 3059.563
16204.308 915.916 3066.928
16216.516 916.059 3074.345
16228.693 916.202 3081.813
16240.840 916.344 3089.330
16252.957 916.487 3096.896
16265.044 916.630 3104.509
16277.102 916.773 3112.167
16289.132 916.916 3119.870
16301.135 917.059 3127.615
16313.111 917.202 3135.402
16325.061 917.344 3143.228
16336.987 917.487 3151.091
16348.888 917.630 3158.991
16360.767 917.773 3166.925
16372.623 917.916 3174.892
16384.459 918.059 3182.890
16396.275 918.202 3190.918
16408.073 918.344 3198.972
16419.853 918.487 3207.052
16431.617 918.630 3215.155
16443.366 918.773 3223.281
16455.101 918.916 3231.426
16466.823 919.059 3239.588
16478.535 919.201 3247.767
16490.237 919.344 3255.959
16501.931 919.487 3264.164
16513.618 919.630 3272.378
16525.299 919.773 3280.601
16536.976 919.916 3288.829
16548.650 920.059 3297.061
16560.323 920.201 3305.295
16571.996 920.344 3313.529
16583.670 920.487 3321.761
16595.347 920.630 3329.988
16607.029 920.773 3338.210
16618.717 920.916 3346.423
16630.411 921.058 3354.626
16642.114 921.201 3362.817
16653.827 921.344 3370.993
16665.552 921.487 3379.154
16677.289 921.630 3387.297
16689.039 921.773 3395.419
16700.805 921.916 3403.520
16712.587 922.058 3411.597
16724.387 922.201 3419.648
16736.205 922.344 3427.671
16748.044 922.487 3435.666
16759.903 922.630 3443.629
16771.784 922.773 3451.559
16783.689 922.915 3459.454
16795.617 923.058 3467.313
16807.571 923.201 3475.134
16819.550 923.344 3482.916
16831.556 923.487 3490.656
16843.590 923.630 3498.353
16855.652 923.773 3506.006
16867.743 923.915 3513.613
16879.863 924.058 3521.173
16892.013 924.201 3528.684
16904.195 924.344 3536.146
16916.407 924.487 3543.556
16928.651 924.630 3550.914
16940.927 924.773 3558.219
16953.235 924.915 3565.469
16965.576 925.058 3572.663
16977.949 925.201 3579.801
16990.356 925.344 3586.881
17002.796 925.487 3593.903
17015.268 925.630 3600.866
17027.774 925.772 3607.770
17040.313 925.915 3614.613
17052.885 926.058 3621.395
17065.490 926.201 3628.116
17078.128 926.344 3634.775
17090.798 926.487 3641.372
17103.500 926.630 3647.907
17116.235 926.772 3654.379
17129.001 926.915 3660.789
17141.798 927.058 3667.136
17154.626 927.201 3673.421
17167.484 927.344 3679.643
17180.373 927.487 3685.803
17193.290 927.629 3691.902
17206.236 927.772 3697.939
17219.211 927.915 3703.915
17232.213 928.058 3709.831
17245.242 928.201 3715.687
17258.298 928.344 3721.484
17271.379 928.487 3727.223
17284.485 928.629 3732.905
17297.616 928.772 3738.530
17310.770 928.915 3744.101
17323.947 929.058 3749.617
17337.145 929.201 3755.079
17350.366 929.344 3760.491
17363.606 929.486 3765.852
17376.867 929.629 3771.163
17390.146 929.772 3776.428
17403.444 929.915 3781.646
17416.759 930.058 3786.820
17430.090 930.201 3791.951
17443.437 930.344 3797.041
17456.799 930.486 3802.092
17470.175 930.629 3807.105
17483.565 930.772 3812.083
17496.966 930.915 3817.027
17510.380 931.058 3821.940
17523.804 931.201 3826.823
17537.238 931.343 3831.679
17550.682 931.486 3836.509
17564.133 931.629 3841.316
17577.592 931.772 3846.102
17591.058 931.915 3850.869
17604.530 932.058 3855.619
17618.007 932.201 3860.355
17631.488 932.343 3865.079
17644.973 932.486 3869.792
17658.460 932.629 3874.499
17671.949 932.772 3879.200
17685.439 932.915 3883.899
17698.929 933.058 3888.596
17712.418 933.201 3893.296
17725.907 933.343 3898.000
17739.392 933.486 3902.710
17752.875 933.629 3907.429
17766.354 933.772 3912.159
17779.828 933.915 3916.903
17793.297 934.058 3921.662
17806.759 934.200 3926.439
17820.215 934.343 3931.236
17833.662 934.486 3936.055
17847.100 934.629 3940.898
17860.529 934.772 3945.769
17873.948 934.915 3950.668
17887.355 935.058 3955.597
17900.750 935.200 3960.559
17914.133 935.343 3965.556
17927.501 935.486 3970.590
17940.855 935.629 3975.662
17954.194 935.772 3980.774
17967.516 935.915 3985.928
17980.822 936.057 3991.125
17994.110 936.200 3996.368
18007.379 936.343 4001.658
18020.629 936.486 4006.996
18033.858 936.629 4012.384
18047.067 936.772 4017.823
18060.254 936.915 4023.315
18073.419 937.057 4028.860
18086.560 937.200 4034.460
18099.678 937.343 4040.116
18112.770 937.486 4045.829
18125.838 937.629 4051.599
18138.879 937.772 4057.428
18151.894 937.914 4063.316
18164.881 938.057 4069.265
18177.840 938.200 4075.274
18190.771 938.343 4081.344
18203.673 938.486 4087.476
18216.545 938.629 4093.670
18229.387 938.772 4099.926
18242.198 938.914 4106.245
18254.979 939.057 4112.626
18267.727 939.200 4119.069
18280.445 939.343 4125.575
18293.130 939.486 4132.144
18305.782 939.629 4138.775
18318.402 939.772 4145.467
18330.989 939.914 4152.221
18343.543 940.057 4159.037
18356.065 940.200 4165.912
18368.552 940.343 4172.848
18381.007 940.486 4179.843
18393.429 940.629 4186.897
18405.818 940.771 4194.009
18418.173 940.914 4201.177
18430.497 941.057 4208.402
18442.787 941.200 4215.682
18455.046 941.343 4223.015
18467.273 941.486 4230.402
18479.468 941.629 4237.840
18491.632 941.771 4245.329
18503.767 941.914 4252.866
18515.871 942.057 4260.452
18527.946 942.200 4268.084
18539.992 942.343 4275.761
18552.011 942.486 4283.482
18564.002 942.628 4291.244
18575.968 942.771 4299.048
18587.907 942.914 4306.889
18599.823 943.057 4314.768
18611.715 943.200 4322.683
18623.584 943.343 4330.631
18635.432 943.486 4338.611
18647.259 943.628 4346.621
18659.067 943.771 4354.660
18670.858 943.914 4362.726
18682.631 944.057 4370.815
18694.388 944.200 4378.928
18706.131 944.343 4387.062
18717.861 944.485 4395.214
18729.579 944.628 4403.384
18741.286 944.771 4411.569
18752.985 944.914 4419.766
18764.675 945.057 4427.975
18776.360 945.200 4436.193
18788.039 945.343 4444.418
18799.714 945.485 4452.648
18811.388 945.628 4460.881
18823.061 945.771 4469.116
18834.734 945.914 4477.349
18846.410 946.057 4485.579
18858.089 946.200 4493.804
18869.773 946.342 4502.023
18881.463 946.485 4510.232
18893.161 946.628 4518.430
18904.868 946.771 4526.615
18916.586 946.914 4534.786
18928.315 947.057 4542.939
18940.057 947.200 4551.073
18951.814 947.342 4559.187
18963.587 947.485 4567.278
18975.376 947.628 4575.344
18987.183 947.771 4583.384
18999.010 947.914 4591.396
19010.857 948.057 4599.377
19022.725 948.200 4607.327
19034.616 948.342 4615.243
19046.531 948.485 4623.123
19058.469 948.628 4630.967
19070.434 948.771 4638.771
19082.424 948.914 4646.536
19094.441 949.057 4654.258
19106.487 949.199 4661.937
19118.560 949.342 4669.571
19130.663 949.485 4677.159
19142.796 949.628 4684.698
19154.959 949.771 4692.189
19167.154 949.914 4699.629
19179.379 950.057 4707.018
19191.636 950.199 4714.354
19203.926 950.342 4721.636
19216.247 950.485 4728.863
19228.602 950.628 4736.034
19240.989 950.771 4743.148
19253.409 950.914 4750.204
19265.863 951.056 4757.202
19278.349 951.199 4764.140
19290.869 951.342 4771.018
19303.422 951.485 4777.836
19316.008 951.628 4784.593
19328.626 951.771 4791.288
19341.278 951.914 4797.921
19353.961 952.056 4804.492
19366.677 952.199 4811.001
19379.425 952.342 4817.447
19392.204 952.485 4823.831
19405.014 952.628 4830.152
19417.854 952.771 4836.411
19430.725 952.913 4842.607
19443.626 953.056 4848.742
19456.555 953.199 4854.814
19469.513 953.342 4860.826
19482.500 953.485 4866.777
19495.513 953.628 4872.668
19508.553 953.771 4878.499
19521.620 953.913 4884.272
19534.711 954.056 4889.987
19547.828 954.199 4895.646
19560.968 954.342 4901.248
19574.132 954.485 4906.795
19587.318 954.628 4912.289
19600.526 954.771 4917.730
19613.755 954.913 4923.120
19627.004 955.056 4928.460
19640.272 955.199 4933.752
19653.559 955.342 4938.997
19666.864 955.485 4944.197
19680.186 955.628 4949.353
19693.524 955.770 4954.466
19706.877 955.913 4959.540
19720.245 956.056 4964.575
19733.627 956.199 4969.573
19747.022 956.342 4974.537
19760.428 956.485 4979.468
19773.846 956.628 4984.368
19787.275 956.770 4989.239
19800.713 956.913 4994.084
19814.160 957.056 4998.904
19827.615 957.199 5003.702
19841.077 957.342 5008.480
19854.545 957.485 5013.240
19868.019 957.627 5017.984
19881.498 957.770 5022.714
19894.981 957.913 5027.434
19908.466 958.056 5032.144
19921.954 958.199 5036.848
19935.444 958.342 5041.548
19948.934 958.485 5046.246
19962.424 958.627 5050.944
19975.913 958.770 5055.645
19989.400 958.913 5060.351
20002.885 959.056 5065.065
20016.366 959.199 5069.788
20029.843 959.342 5074.524
20043.315 959.484 5079.273
20056.782 959.627 5084.040
20070.241 959.770 5088.825
20083.693 959.913 5093.631
20097.137 960.056 5098.460
20110.571 960.199 5103.314
20123.996 960.342 5108.196
20137.410 960.484 5113.107
20150.812 960.627 5118.050
20164.202 960.770 5123.027
20177.579 960.913 5128.039
20190.941 961.056 5133.088
20204.289 961.199 5138.176
20217.621 961.341 5143.306
20230.937 961.484 5148.478
20244.235 961.627 5153.694
20257.515 961.770 5158.957
20270.776 961.913 5164.266
20284.018 962.056 5169.625
20297.239 962.199 5175.034
20310.439 962.341 5180.495
20323.617 962.484 5186.009
20336.772 962.627 5191.576
20349.903 962.770 5197.200
20363.010 962.913 5202.879
20376.093 963.056 5208.616
20389.149 963.199 5214.410
20402.179 963.341 5220.264
20415.183 963.484 5226.177
20428.158 963.627 5232.151
20441.106 963.770 5238.186
20454.025 963.913 5244.282
20466.914 964.056 5250.439
20479.774 964.198 5256.659
20492.603 964.341 5262.941
20505.402 964.484 5269.286
20518.169 964.627 5275.693
20530.905 964.770 5282.162
20543.608 964.913 5288.695
20556.280 965.056 5295.289
20568.919 965.198 5301.945
20581.525 965.341 5308.664
20594.099 965.484 5315.443
20606.639 965.627 5322.284
20619.146 965.770 5329.185
20631.620 965.913 5336.145
20644.061 966.055 5343.165
20656.469 966.198 5350.243
20668.844 966.341 5357.379
20681.186 966.484 5364.571
20693.496 966.627 5371.818
20705.773 966.770 5379.121
20718.019 966.913 5386.476
20730.232 967.055 5393.885
20742.415 967.198 5401.344
20754.566 967.341 5408.853
20766.688 967.484 5416.411
20778.780 967.627 5424.016
20790.843 967.770 5431.667
20802.878 967.912 5439.363
20814.885 968.055 5447.101
20826.865 968.198 5454.881
20838.820 968.341 5462.700
20850.749 968.484 5470.558
20862.655 968.627 5478.452
20874.537 968.770 5486.380
20886.397 968.912 5494.342
20898.237 969.055 5502.335
20910.056 969.198 5510.357
20921.856 969.341 5518.407
20933.639 969.484 5526.483
20945.406 969.627 5534.583
20957.157 969.770 5542.705
20968.894 969.912 5550.846
20980.619 970.055 5559.006
20992.333 970.198 5567.182
21004.036 970.341 5575.373
21015.731 970.484 5583.575
21027.419 970.627 5591.788
21039.101 970.769 5600.009
21050.778 970.912 5608.237
21062.453 971.055 5616.468
21074.126 971.198 5624.702
21085.799 971.341 5632.936
21097.473 971.484 5641.168
21109.150 971.627 5649.397
21120.831 971.769 5657.619
21132.517 971.912 5665.834
21144.210 972.055 5674.039
21155.912 972.198 5682.232
21167.623 972.341 5690.411
21179.346 972.484 5698.575
21191.080 972.626 5706.720
21202.828 972.769 5714.847
21214.592 972.912 5722.951
21226.371 973.055 5731.032
21238.168 973.198 5739.087
21249.983 973.341 5747.116
21261.818 973.484 5755.115
21273.674 973.626 5763.083
21285.551 973.769 5771.019
21297.452 973.912 5778.920
21309.376 974.055 5786.786
21321.326 974.198 5794.613
21333.301 974.341 5802.401
21345.302 974.483 5810.148
21357.331 974.626 5817.853
21369.388 974.769 5825.513
21381.474 974.912 5833.128
21393.589 975.055 5840.696
21405.735 975.198 5848.215
21417.911 975.341 5855.685
21430.118 975.483 5863.104
21442.357 975.626 5870.471
21454.627 975.769 5877.785
21466.930 975.912 5885.044
21479.265 976.055 5892.247
21491.634 976.198 5899.395
21504.035 976.340 5906.485
21516.469 976.483 5913.517
21528.936 976.626 5920.490
21541.436 976.769 5927.403
21553.970 976.912 5934.256
21566.536 977.055 5941.049
21579.136 977.198 5947.780
21591.768 977.340 5954.449
21604.433 977.483 5961.057
21617.130 977.626 5967.602
21629.859 977.769 5974.084
21642.620 977.912 5980.504
21655.412 978.055 5986.862
21668.235 978.198 5993.157
21681.088 978.340 5999.390
21693.971 978.483 6005.560
21706.884 978.626 6011.669
21719.825 978.769 6017.716
21732.795 978.912 6023.703
21745.793 979.055 6029.629
21758.818 979.197 6035.495
21771.869 979.340 6041.302
21784.946 979.483 6047.050
21798.048 979.626 6052.742
21811.174 979.769 6058.376
21824.325 979.912 6063.956
21837.498 980.055 6069.481
21850.693 980.197 6074.952
21863.910 980.340 6080.372
21877.147 980.483 6085.741
21890.404 980.626 6091.061
21903.680 980.769 6096.333
21916.975 980.912 6101.559
21930.287 981.054 6106.740
21943.616 981.197 6111.878
21956.960 981.340 6116.975
21970.320 981.483 6122.032
21983.694 981.626 6127.052
21997.081 981.769 6132.035
22010.481 981.912 6136.985
22023.892 982.054 6141.903
22037.315 982.197 6146.791
22050.747 982.340 6151.651
22064.189 982.483 6156.485
22077.639 982.626 6161.296
22091.097 982.769 6166.085
22104.562 982.911 6170.855
22118.033 983.054 6175.608
22131.509 983.197 6180.346
22144.990 983.340 6185.072
22158.474 983.483 6189.787
22171.961 983.626 6194.495
22185.449 983.769 6199.197
22198.939 983.911 6203.895
22212.429 984.054 6208.593
22225.919 984.197 6213.292
22239.407 984.340 6217.995
22252.894 984.483 6222.704
22266.377 984.626 6227.422
22279.857 984.769 6232.150
22293.332 984.911 6236.891
22306.801 985.054 6241.647
22320.265 985.197 6246.421
22333.721 985.340 6251.214
22347.170 985.483 6256.030
22360.610 985.626 6260.869
22374.041 985.768 6265.735
22387.461 985.911 6270.629
22400.870 986.054 6275.553
22414.267 986.197 6280.510
22427.652 986.340 6285.501
22441.023 986.483 6290.528
22454.379 986.626 6295.593
22467.721 986.768 6300.698
22481.046 986.911 6305.845
22494.354 987.054 6311.036
22507.645 987.197 6316.271
22520.917 987.340 6321.553
22534.171 987.483 6326.883
22547.404 987.625 6332.262
22560.616 987.768 6337.693
22573.807 987.911 6343.176
22586.975 988.054 6348.712
22600.120 988.197 6354.302
22613.242 988.340 6359.949
22626.339 988.483 6365.652
22639.410 988.625 6371.413
22652.456 988.768 6377.232
22665.475 988.911 6383.111
22678.467 989.054 6389.049
22691.431 989.197 6395.048
22704.367 989.340 6401.108
22717.273 989.482 6407.230
22730.150 989.625 6413.413
22742.997 989.768 6419.659
22755.814 989.911 6425.967
22768.599 990.054 6432.337
22781.354 990.197 6438.771
22794.076 990.340 6445.266
22806.766 990.482 6451.824
22819.424 990.625 6458.445
22832.050 990.768 6465.127
22844.642 990.911 6471.871
22857.202 991.054 6478.676
22869.729 991.197 6485.542
22882.222 991.339 6492.468
22894.682 991.482 6499.453
22907.110 991.625 6506.497
22919.504 991.768 6513.599
22931.865 991.911 6520.758
22944.194 992.054 6527.974
22956.490 992.197 6535.244
22968.754 992.339 6542.569
22980.986 992.482 6549.947
22993.186 992.625 6557.376
23005.356 992.768 6564.857
23017.495 992.911 6572.386
23029.604 993.054 6579.964
23041.684 993.197 6587.589
23053.735 993.339 6595.258
23065.758 993.482 6602.972
23077.754 993.625 6610.727
23089.724 993.768 6618.524
23101.668 993.911 6626.359
23113.587 994.054 6634.232
23125.483 994.196 6642.141
23137.356 994.339 6650.084
23149.207 994.482 6658.059
23161.038 994.625 6666.064
23172.849 994.768 6674.098
23184.642 994.911 6682.159
23196.418 995.054 6690.245
23208.178 995.196 6698.354
23219.924 995.339 6706.485
23231.656 995.482 6714.634
23243.375 995.625 6722.801
23255.085 995.768 6730.983
23266.784 995.911 6739.179
23278.476 996.053 6747.386
23290.161 996.196 6755.603
23301.841 996.339 6763.827
23313.517 996.482 6772.056
23325.191 996.625 6780.289
23336.864 996.768 6788.523
23348.537 996.911 6796.756
23360.212 997.053 6804.987
23371.890 997.196 6813.214
23383.574 997.339 6821.433
23395.263 997.482 6829.644
23406.959 997.625 6837.844
23418.665 997.768 6846.032
23430.380 997.910 6854.205
23442.108 998.053 6862.361
23453.848 998.196 6870.499
23465.602 998.339 6878.616
23477.372 998.482 6886.711
23489.158 998.625 6894.781
23500.963 998.768 6902.826
23512.786 998.910 6910.842
23524.630 999.053 6918.829
23536.494 999.196 6926.784
23548.381 999.339 6934.705
23560.292 999.482 6942.592
23572.227 999.625 6950.442
23584.186 999.768 6958.253
23596.172 999.910 6966.024
23608.185 1000.053 6973.754
23620.226 1000.196 6981.440
23632.295 1000.339 6989.081
23644.393 1000.482 6996.677
23656.521 1000.625 7004.225
23668.679 1000.767 7011.724
23680.868 1000.910 7019.173
23693.088 1001.053 7026.570
23705.340 1001.196 7033.915
23717.624 1001.339 7041.206
23729.940 1001.482 7048.442
23742.289 1001.625 7055.622
23754.671 1001.767 7062.746
23767.086 1001.910 7069.812
23779.534 1002.053 7076.819
23792.015 1002.196 7083.767
23804.529 1002.339 7090.656
23817.076 1002.482 7097.484
23829.656 1002.624 7104.250
23842.270 1002.767 7110.956
23854.915 1002.910 7117.600
23867.594 1003.053 7124.181
23880.304 1003.196 7130.700
23893.046 1003.339 7137.157
23905.820 1003.482 7143.551
23918.625 1003.624 7149.882
23931.461 1003.767 7156.151
23944.327 1003.910 7162.358
23957.222 1004.053 7168.503
23970.147 1004.196 7174.586
23983.100 1004.339 7180.608
23996.082 1004.481 7186.569
24009.091 1004.624 7192.470
24022.127 1004.767 7198.311
24035.189 1004.910 7204.094
24048.276 1005.053 7209.818
24061.389 1005.196 7215.486
24074.525 1005.339 7221.098
24087.685 1005.481 7226.654
24100.867 1005.624 7232.157
24114.072 1005.767 7237.606
24127.297 1005.910 7243.005
24140.543 1006.053 7248.353
24153.808 1006.196 7253.653
24167.092 1006.338 7258.906
24180.394 1006.481 7264.113
24193.713 1006.624 7269.276
24207.048 1006.767 7274.397
24220.399 1006.910 7279.477
24233.765 1007.053 7284.518
24247.144 1007.196 7289.522
24260.537 1007.338 7294.492
24273.942 1007.481 7299.428
24287.358 1007.624 7304.333
24300.785 1007.767 7309.209
24314.221 1007.910 7314.058
24327.667 1008.053 7318.882
24341.120 1008.196 7323.684
24354.581 1008.338 7328.464
24368.049 1008.481 7333.227
24381.522 1008.624 7337.973
24395.000 1008.767 7342.706
24408.482 1008.910 7347.427
24421.967 1009.053 7352.139
24435.455 1009.195 7356.844
24448.944 1009.338 7361.544
24462.434 1009.481 7366.242
24475.924 1009.624 7370.941
24489.414 1009.767 7375.641
24502.901 1009.910 7380.346
24516.386 1010.053 7385.058
24529.868 1010.195 7389.780
24543.346 1010.338 7394.513
24556.819 1010.481 7399.260
24570.286 1010.624 7404.024
24583.747 1010.767 7408.805
24597.200 1010.910 7413.608
24610.645 1011.052 7418.433
24624.082 1011.195 7423.283
24637.508 1011.338 7428.160
24650.924 1011.481 7433.066
24664.328 1011.624 7438.004
24677.720 1011.767 7442.975
24691.099 1011.910 7447.980
24704.464 1012.052 7453.023
24717.814 1012.195 7458.105
24731.149 1012.338 7463.228
24744.467 1012.481 7468.392
24757.769 1012.624 7473.601
24771.052 1012.767 7478.856
24784.316 1012.909 7484.158
24797.561 1013.052 7489.508
24810.786 1013.195 7494.909
24823.989 1013.338 7500.361
24837.171 1013.481 7505.866
24850.329 1013.624 7511.424
24863.465 1013.767 7517.038
24876.576 1013.909 7522.708
24889.663 1014.052 7528.435
24902.724 1014.195 7534.220
24915.758 1014.338 7540.064
24928.766 1014.481 7545.967
24941.746 1014.624 7551.931
24954.699 1014.767 7557.955
24967.622 1014.909 7564.041
24980.517 1015.052 7570.188
24993.381 1015.195 7576.398
25006.216 1015.338 7582.669
25019.019 1015.481 7589.003
25031.792 1015.624 7595.400
25044.533 1015.766 7601.859
25057.242 1015.909 7608.381
25069.919 1016.052 7614.965
25082.563 1016.195 7621.611
25095.175 1016.338 7628.319
25107.754 1016.481 7635.089
25120.300 1016.624 7641.919
25132.813 1016.766 7648.810
25145.292 1016.909 7655.761
25157.739 1017.052 7662.771
25170.152 1017.195 7669.839
25182.533 1017.338 7676.965
25194.880 1017.481 7684.148
25207.195 1017.623 7691.386
25219.478 1017.766 7698.679
25231.729 1017.909 7706.026
25243.947 1018.052 7713.426
25256.135 1018.195 7720.877
25268.292 1018.338 7728.378
25280.418 1018.481 7735.928
25292.515 1018.623 7743.525
25304.583 1018.766 7751.169
25316.623 1018.909 7758.857
25328.634 1019.052 7766.588
25340.619 1019.195 7774.361
25352.578 1019.338 7782.174
25364.512 1019.480 7790.025
25376.421 1019.623 7797.913
25388.307 1019.766 7805.836
25400.171 1019.909 7813.792
25412.014 1020.052 7821.780
25423.836 1020.195 7829.798
25435.640 1020.338 7837.844
25447.425 1020.480 7845.915
25459.194 1020.623 7854.011
25470.948 1020.766 7862.129
25482.688 1020.909 7870.268
25494.415 1021.052 7878.425
25506.130 1021.195 7886.598
25517.835 1021.337 7894.786
25529.531 1021.480 7902.987
25541.220 1021.623 7911.198
25552.903 1021.766 7919.418
25564.581 1021.909 7927.645
25576.256 1022.052 7935.876
25587.929 1022.195 7944.109
25599.602 1022.337 7952.343
25611.276 1022.480 7960.576
25622.952 1022.623 7968.805
25634.632 1022.766 7977.029
25646.318 1022.909 7985.245
25658.010 1023.052 7993.452
25669.710 1023.195 8001.647
25681.419 1023.337 8009.829
25693.140 1023.480 8017.995
25704.872 1023.623 8026.144
25716.618 1023.766 8034.273
25728.379 1023.909 8042.381
25740.155 1024.052 8050.466
25751.949 1024.194 8058.526
25763.761 1024.337 8066.559
25775.593 1024.480 8074.564
25787.445 1024.623 8082.537
25799.319 1024.766 8090.478
25811.216 1024.909 8098.386
25823.136 1025.052 8106.257
25835.081 1025.194 8114.091
25847.052 1025.337 8121.886
25859.049 1025.480 8129.640
25871.073 1025.623 8137.351
25883.125 1025.766 8145.019
25895.206 1025.909 8152.642
25907.317 1026.051 8160.217
25919.457 1026.194 8167.745
25931.628 1026.337 8175.223
25943.830 1026.480 8182.651
25956.063 1026.623 8190.026
25968.329 1026.766 8197.349
25980.626 1026.909 8204.617
25992.956 1027.051 8211.830
26005.319 1027.194 8218.987
26017.714 1027.337 8226.087
26030.143 1027.480 8233.128
26042.604 1027.623 8240.111
26055.099 1027.766 8247.035
26067.627 1027.908 8253.898
26080.188 1028.051 8260.700
26092.782 1028.194 8267.442
26105.409 1028.337 8274.121
26118.068 1028.480 8280.739
26130.760 1028.623 8287.295
26143.484 1028.766 8293.788
26156.239 1028.908 8300.218
26169.026 1029.051 8306.586
26181.844 1029.194 8312.892
26194.692 1029.337 8319.135
26207.571 1029.480 8325.316
26220.478 1029.623 8331.435
26233.415 1029.766 8337.492
26246.380 1029.908 8343.489
26259.373 1030.051 8349.425
26272.394 1030.194 8355.301
26285.441 1030.337 8361.118
26298.513 1030.480 8366.876
26311.611 1030.623 8372.577
26324.734 1030.765 8378.221
26337.880 1030.908 8383.809
26351.049 1031.051 8389.343
26364.241 1031.194 8394.824
26377.454 1031.337 8400.252
26390.688 1031.480 8405.629
26403.942 1031.623 8410.957
26417.215 1031.765 8416.237
26430.507 1031.908 8421.471
26443.816 1032.051 8426.659
26457.142 1032.194 8431.804
26470.484 1032.337 8436.908
26483.841 1032.480 8441.972
26497.212 1032.622 8446.997
26510.597 1032.765 8451.987
26523.995 1032.908 8456.942
26537.405 1033.051 8461.865
26550.826 1033.194 8466.758
26564.256 1033.337 8471.622
26577.697 1033.480 8476.461
26591.146 1033.622 8481.275
26604.603 1033.765 8486.068
26618.066 1033.908 8490.841
26631.536 1034.051 8495.596
26645.012 1034.194 8500.337
26658.491 1034.337 8505.064
26671.975 1034.479 8509.781
26685.461 1034.622 8514.490
26698.950 1034.765 8519.193
26712.439 1034.908 8523.892
26725.930 1035.051 8528.590
26739.419 1035.194 8533.288
26752.908 1035.337 8537.991
26766.395 1035.479 8542.698
26779.879 1035.622 8547.414
26793.359 1035.765 8552.140
26806.835 1035.908 8556.879
26820.306 1036.051 8561.633
26833.770 1036.194 8566.403
26847.228 1036.336 8571.193
26860.678 1036.479 8576.005
26874.119 1036.622 8580.840
26887.552 1036.765 8585.701
26900.974 1036.908 8590.590
26914.385 1037.051 8595.510
26927.784 1037.194 8600.461
26941.171 1037.336 8605.446
26954.544 1037.479 8610.467
26967.903 1037.622 8615.526
26981.247 1037.765 8620.624
26994.575 1037.908 8625.764
27007.886 1038.051 8630.947
27021.180 1038.194 8636.175
27034.455 1038.336 8641.449
27047.712 1038.479 8646.771
27060.948 1038.622 8652.142
27074.164 1038.765 8657.564
27087.358 1038.908 8663.038
27100.531 1039.051 8668.565
27113.680 1039.193 8674.146
27126.805 1039.336 8679.784
27139.906 1039.479 8685.477
27152.982 1039.622 8691.228
27166.032 1039.765 8697.038
27179.056 1039.908 8702.906
27192.052 1040.051 8708.835
27205.021 1040.193 8714.823
27217.961 1040.336 8720.873
27230.873 1040.479 8726.985
27243.755 1040.622 8733.158
27256.607 1040.765 8739.393
27269.429 1040.908 8745.691
27282.219 1041.050 8752.051
27294.979 1041.193 8758.474
27307.707 1041.336 8764.959
27320.402 1041.479 8771.507
27333.066 1041.622 8778.117
27345.697 1041.765 8784.789
27358.295 1041.908 8791.522
27370.860 1042.050 8798.317
27383.392 1042.193 8805.173
27395.891 1042.336 8812.089
27408.357 1042.479 8819.064
27420.789 1042.622 8826.099
27433.189 1042.765 8833.191
27445.556 1042.907 8840.341
27457.890 1043.050 8847.547
27470.191 1043.193 8854.808
27482.461 1043.336 8862.124
27494.698 1043.479 8869.493
27506.904 1043.622 8876.914
27519.078 1043.765 8884.386
27531.223 1043.907 8891.908
27543.337 1044.050 8899.477
27555.421 1044.193 8907.094
27567.477 1044.336 8914.757
27579.505 1044.479 8922.463
27591.506 1044.622 8930.212
27603.479 1044.765 8938.001
27615.428 1044.907 8945.830
27627.351 1045.050 8953.697
27639.251 1045.193 8961.600
27651.127 1045.336 8969.537
27662.982 1045.479 8977.507
27674.816 1045.622 8985.507
27686.631 1045.764 8993.537
27698.427 1045.907 9001.593
27710.205 1046.050 9009.675
27721.968 1046.193 9017.781
27733.716 1046.336 9025.908
27745.450 1046.479 9034.054
27757.172 1046.622 9042.218
27768.882 1046.764 9050.398
27780.584 1046.907 9058.592
27792.277 1047.050 9066.797
27803.963 1047.193 9075.012
27815.644 1047.336 9083.235
27827.320 1047.479 9091.464
27838.994 1047.621 9099.696
27850.667 1047.764 9107.930
27862.340 1047.907 9116.164
27874.015 1048.050 9124.395
27885.692 1048.193 9132.622
27897.375 1048.336 9140.843
27909.063 1048.479 9149.056
27920.758 1048.621 9157.258
27932.462 1048.764 9165.448
27944.176 1048.907 9173.623
27955.901 1049.050 9181.782
27967.639 1049.193 9189.923
27979.391 1049.336 9198.044
27991.158 1049.478 9206.143
28002.942 1049.621 9214.218
28014.743 1049.764 9222.267
28026.563 1049.907 9230.288
28038.403 1050.050 9238.279
28050.264 1050.193 9246.240
28062.147 1050.336 9254.167
28074.054 1050.478 9262.060
28085.984 1050.621 9269.916
28097.940 1050.764 9277.733
28109.922 1050.907 9285.511
28121.930 1051.050 9293.248
28133.966 1051.193 9300.941
28146.030 1051.335 9308.591
28158.123 1051.478 9316.194
28170.246 1051.621 9323.750
28182.399 1051.764 9331.257
28194.583 1051.907 9338.714
28206.798 1052.050 9346.120
28219.044 1052.193 9353.474
28231.323 1052.335 9360.774
28243.634 1052.478 9368.019
28255.977 1052.621 9375.209
28268.354 1052.764 9382.342
28280.763 1052.907 9389.418
28293.205 1053.050 9396.435
28305.681 1053.193 9403.393
28318.190 1053.335 9410.291
28330.731 1053.478 9417.129
28343.306 1053.621 9423.907
28355.914 1053.764 9430.622
28368.554 1053.907 9437.276
28381.227 1054.050 9443.868
28393.932 1054.192 9450.398
