---- Spline Data File ----
3 641 0 0 3
648 0 0 0 0 1 2 3 4 5 6 7 8 9 10 11 12 13 14 15 16 17 18 19 20 21 22 23 24 25 26 27 28 29 30 31 32 33 34 35 36 37 38 39 40 41 42 43 44 45 46 47 48 49 50 51 52 53 54 55 56 57 58 59 60 61 62 63 64 65 66 67 68 69 70 71 72 73 74 75 76 77 78 79 80 81 82 83 84 85 86 87 88 89 90 91 92 93 94 95 96 97 98 99 100 101 102 103 104 105 106 107 108 109 110 111 112 113 114 115 116 117 118 119 120 121 122 123 124 125 126 127 128 129 130 131 132 133 134 135 136 137 138 139 140 141 142 143 144 145 146 147 148 149 150 151 152 153 154 155 156 157 158 159 160 161 162 163 164 165 166 167 168 169 170 171 172 173 174 175 176 177 178 179 180 181 182 183 184 185 186 187 188 189 190 191 192 193 194 195 196 197 198 199 200 201 202 203 204 205 206 207 208 209 210 211 212 213 214 215 216 217 218 219 220 221 222 223 224 225 226 227 228 229 230 231 232 233 234 235 236 237 238 239 240 241 242 243 244 245 246 247 248 249 250 251 252 253 254 255 256 257 258 259 260 261 262 263 264 265 266 267 268 269 270 271 272 273 274 275 276 277 278 279 280 281 282 283 284 285 286 287 288 289 290 291 292 293 294 295 296 297 298 299 300 301 302 303 304 305 306 307 308 309 310 311 312 313 314 315 316 317 318 319 320 321 322 323 324 325 326 327 328 329 330 331 332 333 334 335 336 337 338 339 340 341 342 343 344 345 346 347 348 349 350 351 352 353 354 355 356 357 358 359 360 361 362 363 364 365 366 367 368 369 370 371 372 373 374 375 376 377 378 379 380 381 382 383 384 385 386 387 388 389 390 391 392 393 394 395 396 397 398 399 400 401 402 403 404 405 406 407 408 409 410 411 412 413 414 415 416 417 418 419 420 421 422 423 424 425 426 427 428 429 430 431 432 433 434 435 436 437 438 439 440 441 442 443 444 445 446 447 448 449 450 451 452 453 454 455 456 457 458 459 460 461 462 463 464 465 466 467 468 469 470 471 472 473 474 475 476 477 478 479 480 481 482 483 484 485 486 487 488 489 490 491 492 493 494 495 496 497 498 499 500 501 502 503 504 505 506 507 508 509 510 511 512 513 514 515 516 517 518 519 520 521 522 523 524 525 526 527 528 529 530 531 532 533 534 535 536 537 538 539 540 541 542 543 544 545 546 547 548 549 550 551 552 553 554 555 556 557 558 559 560 561 562 563 564 565 566 567 568 569 570 571 572 573 574 575 576 577 578 579 580 581 582 583 584 585 586 587 588 589 590 591 592 593 594 595 596 597 598 599 600 601 602 603 604 605 606 607 608 609 610 611 612 613 614 615 616 617 618 619 620 621 622 623 624 625 626 627 628 629 630 631 632 633 634 635 636 637 638 639 640 641 641 641 641
644
1299.440 748.070 -4474.280
1300.386 748.070 -4469.575
1301.330 748.070 -4464.870
1302.273 748.070 -4460.165
1303.211 748.070 -4455.461
1304.145 748.070 -4450.756
1305.074 748.070 -4446.051
1305.995 748.070 -4441.346
1306.908 748.070 -4436.641
1307.812 748.070 -4431.936
1308.706 748.070 -4427.232
1309.588 748.070 -4422.527
1310.457 748.070 -4417.822
1311.313 748.070 -4413.117
1312.155 748.070 -4408.412
1312.980 748.070 -4403.707
1313.789 748.070 -4399.003
1314.580 748.070 -4394.298
1315.352 748.070 -4389.593
1316.105 748.070 -4384.888
1316.837 748.070 -4380.183
1317.547 748.070 -4375.478
1318.235 748.070 -4370.774
1318.900 748.070 -4366.069
1319.541 748.070 -4361.364
1320.156 748.070 -4356.659
1320.747 748.070 -4351.954
1321.310 748.070 -4347.249
1321.847 748.070 -4342.545
1322.356 748.070 -4337.840
1322.837 748.070 -4333.135
1323.289 748.070 -4328.430
1323.711 748.070 -4323.725
1324.103 748.070 -4319.020
1324.465 748.070 -4314.316
1324.795 748.070 -4309.611
1325.095 748.070 -4304.906
1325.362 748.070 -4300.201
1325.598 748.070 -4295.496
1325.801 748.070 -4290.791
1325.971 748.070 -4286.087
1326.109 748.070 -4281.382
1326.214 748.070 -4276.677
1326.285 748.070 -4271.972
1326.324 748.070 -4267.267
1326.329 748.070 -4262.562
1326.301 748.070 -4257.858
1326.239 748.070 -4253.153
1326.145 748.070 -4248.448
1326.017 748.070 -4243.743
1325.856 748.070 -4239.038
1325.663 748.070 -4234.333
1325.438 748.070 -4229.628
1325.180 748.070 -4224.924
1324.890 748.070 -4220.219
1324.569 748.070 -4215.514
1324.217 748.070 -4210.809
1323.834 748.070 -4206.104
1323.421 748.070 -4201.399
1322.978 748.070 -4196.695
1322.506 748.070 -4191.990
1322.006 748.070 -4187.285
1321.477 748.070 -4182.580
1320.922 748.070 -4177.875
1320.339 748.070 -4173.170
1319.731 748.070 -4168.466
1319.098 748.070 -4163.761
1318.441 748.070 -4159.056
1317.760 748.070 -4154.351
1317.056 748.070 -4149.646
1316.331 748.070 -4144.941
1315.584 748.070 -4140.237
1314.818 748.070 -4135.532
1314.032 748.070 -4130.827
1313.229 748.070 -4126.122
1312.409 748.070 -4121.417
1311.572 748.070 -4116.712
1310.720 748.070 -4112.008
1309.855 748.070 -4107.303
1308.977 748.070 -4102.598
1308.086 748.070 -4097.893
1307.185 748.070 -4093.188
1306.275 748.070 -4088.483
1305.356 748.070 -4083.779
1304.430 748.070 -4079.074
1303.497 748.070 -4074.369
1302.560 748.070 -4069.664
1301.619 748.070 -4064.959
1300.675 748.070 -4060.254
1299.729 748.070 -4055.550
1298.783 748.070 -4050.845
1297.838 748.070 -4046.140
1296.895 748.070 -4041.435
1295.955 748.070 -4036.730
1295.019 748.070 -4032.025
1294.089 748.070 -4027.321
1293.166 748.070 -4022.616
1292.250 748.070 -4017.911
1291.343 748.070 -4013.206
1290.446 748.070 -4008.501
1289.560 748.070 -4003.796
1288.687 748.070 -3999.091
1287.827 748.070 -3994.387
1286.981 748.070 -3989.682
1286.150 748.070 -3984.977
1285.336 748.070 -3980.272
1284.540 748.070 -3975.567
1283.762 748.070 -3970.862
1283.003 748.070 -3966.158
1282.265 748.070 -3961.453
1281.548 748.070 -3956.748
1280.853 748.070 -3952.043
1280.181 748.070 -3947.338
1279.533 748.070 -3942.633
1278.909 748.070 -3937.929
1278.311 748.070 -3933.224
1277.739 748.070 -3928.519
1277.194 748.070 -3923.814
1276.676 748.070 -3919.109
1276.187 748.070 -3914.404
1275.726 748.070 -3909.700
1275.295 748.070 -3904.995
1274.894 748.070 -3900.290
1274.523 748.070 -3895.585
1274.182 748.070 -3890.880
1273.874 748.070 -3886.175
1273.596 748.070 -3881.471
1273.351 748.070 -3876.766
1273.138 748.070 -3872.061
1272.957 748.070 -3867.356
1272.810 748.070 -3862.651
1272.695 748.070 -3857.946
1272.613 748.070 -3853.242
1272.565 748.070 -3848.537
1272.549 748.070 -3843.832
1272.567 748.070 -3839.127
1272.619 748.070 -3834.422
1272.703 748.070 -3829.717
1272.821 748.070 -3825.013
1272.971 748.070 -3820.308
1273.154 748.070 -3815.603
1273.370 748.070 -3810.898
1273.618 748.070 -3806.193
1273.898 748.070 -3801.488
1274.210 748.070 -3796.783
1274.552 748.070 -3792.079
1274.926 748.070 -3787.374
1275.330 748.070 -3782.669
1275.764 748.070 -3777.964
1276.227 748.070 -3773.259
1276.719 748.070 -3768.554
1277.238 748.070 -3763.850
1277.786 748.070 -3759.145
1278.360 748.070 -3754.440
1278.960 748.070 -3749.735
1279.586 748.070 -3745.030
1280.236 748.070 -3740.325
1280.910 748.070 -3735.621
1281.607 748.070 -3730.916
1282.326 748.070 -3726.211
1283.066 748.070 -3721.506
1283.826 748.070 -3716.801
1284.606 748.070 -3712.096
1285.404 748.070 -3707.392
1286.219 748.070 -3702.687
1287.051 748.070 -3697.982
1287.898 748.070 -3693.277
1288.759 748.070 -3688.572
1289.634 748.070 -3683.867
1290.520 748.070 -3679.163
1291.418 748.070 -3674.458
1292.326 748.070 -3669.753
1293.242 748.070 -3665.048
1294.166 748.070 -3660.343
1295.097 748.070 -3655.638
1296.033 748.070 -3650.934
1296.973 748.070 -3646.229
1297.917 748.070 -3641.524
1298.862 748.070 -3636.819
1299.808 748.070 -3632.114
1300.753 748.070 -3627.409
1301.697 748.070 -3622.705
1302.638 748.070 -3618.000
1303.575 748.070 -3613.295
1304.507 748.070 -3608.590
1305.433 748.070 -3603.885
1306.351 748.070 -3599.180
1307.261 748.070 -3594.476
1308.161 748.070 -3589.771
1309.050 748.070 -3585.066
1309.928 748.070 -3580.361
1310.792 748.070 -3575.656
1311.642 748.070 -3570.951
1312.478 748.070 -3566.246
1313.297 748.070 -3561.542
1314.099 748.070 -3556.837
1314.882 748.070 -3552.132
1315.647 748.070 -3547.427
1316.392 748.070 -3542.722
1317.116 748.070 -3538.017
1317.817 748.070 -3533.313
1318.496 748.070 -3528.608
1319.152 748.070 -3523.903
1319.783 748.070 -3519.198
1320.389 748.070 -3514.493
1320.969 748.070 -3509.788
1321.522 748.070 -3505.084
1322.048 748.070 -3500.379
1322.546 748.070 -3495.674
1323.016 748.070 -3490.969
1323.456 748.070 -3486.264
1323.867 748.070 -3481.559
1324.247 748.070 -3476.855
1324.597 748.070 -3472.150
1324.915 748.070 -3467.445
1325.202 748.070 -3462.740
1325.458 748.070 -3458.035
1325.681 748.070 -3453.330
1325.871 748.070 -3448.626
1326.029 748.070 -3443.921
1326.154 748.070 -3439.216
1326.246 748.070 -3434.511
1326.304 748.070 -3429.806
1326.330 748.070 -3425.101
1326.322 748.070 -3420.397
1326.281 748.070 -3415.692
1326.206 748.070 -3410.987
1326.099 748.070 -3406.282
1325.958 748.070 -3401.577
1325.785 748.070 -3396.872
1325.579 748.070 -3392.168
1325.341 748.070 -3387.463
1325.071 748.070 -3382.758
1324.769 748.070 -3378.053
1324.436 748.070 -3373.348
1324.071 748.070 -3368.643
1323.677 748.070 -3363.939
1323.252 748.070 -3359.234
1322.798 748.070 -3354.529
1322.315 748.070 -3349.824
1321.803 748.070 -3345.119
1321.264 748.070 -3340.414
1320.698 748.070 -3335.709
1320.106 748.070 -3331.005
1319.488 748.070 -3326.300
1318.845 748.070 -3321.595
1318.179 748.070 -3316.890
1317.489 748.070 -3312.185
1316.776 748.070 -3307.480
1316.043 748.070 -3302.776
1315.288 748.070 -3298.071
1314.515 748.070 -3293.366
1313.722 748.070 -3288.661
1312.912 748.070 -3283.956
1312.085 748.070 -3279.251
1311.243 748.070 -3274.547
1310.385 748.070 -3269.842
1309.515 748.070 -3265.137
1308.632 748.070 -3260.432
1307.737 748.070 -3255.727
1306.832 748.070 -3251.022
1305.919 748.070 -3246.318
1304.997 748.070 -3241.613
1304.068 748.070 -3236.908
1303.133 748.070 -3232.203
1302.194 748.070 -3227.498
1301.252 748.070 -3222.793
1300.307 748.070 -3218.089
1299.361 748.070 -3213.384
1298.415 748.070 -3208.679
1297.471 748.070 -3203.974
1296.529 748.070 -3199.269
1295.591 748.070 -3194.564
1294.657 748.070 -3189.860
1293.729 748.070 -3185.155
1292.809 748.070 -3180.450
1291.896 748.070 -3175.745
1290.993 748.070 -3171.040
1290.100 748.070 -3166.335
1289.219 748.070 -3161.631
1288.351 748.070 -3156.926
1287.496 748.070 -3152.221
1286.656 748.070 -3147.516
1285.832 748.070 -3142.811
1285.025 748.070 -3138.106
1284.235 748.070 -3133.402
1283.464 748.070 -3128.697
1282.714 748.070 -3123.992
1281.983 748.070 -3119.287
1281.275 748.070 -3114.582
1280.589 748.070 -3109.877
1279.926 748.070 -3105.172
1279.287 748.070 -3100.468
1278.673 748.070 -3095.763
1278.085 748.070 -3091.058
1277.524 748.070 -3086.353
1276.989 748.070 -3081.648
1276.483 748.070 -3076.943
1276.004 748.070 -3072.239
1275.555 748.070 -3067.534
1275.135 748.070 -3062.829
1274.746 748.070 -3058.124
1274.387 748.070 -3053.419
1274.059 748.070 -3048.714
1273.762 748.070 -3044.010
1273.497 748.070 -3039.305
1273.264 748.070 -3034.600
1273.064 748.070 -3029.895
1272.896 748.070 -3025.190
1272.761 748.070 -3020.485
1272.659 748.070 -3015.781
1272.590 748.070 -3011.076
1272.555 748.070 -3006.371
1272.552 748.070 -3001.666
1272.583 748.070 -2996.961
1272.647 748.070 -2992.256
1272.745 748.070 -2987.552
1272.875 748.070 -2982.847
1273.038 748.070 -2978.142
1273.234 748.070 -2973.437
1273.463 748.070 -2968.732
1273.723 748.070 -2964.027
1274.015 748.070 -2959.323
1274.339 748.070 -2954.618
1274.694 748.070 -2949.913
1275.080 748.070 -2945.208
1275.495 748.070 -2940.503
1275.940 748.070 -2935.798
1276.415 748.070 -2931.094
1276.917 748.070 -2926.389
1277.448 748.070 -2921.684
1278.006 748.070 -2916.979
1278.590 748.070 -2912.274
1279.200 748.070 -2907.569
1279.836 748.070 -2902.864
1280.495 748.070 -2898.160
1281.178 748.070 -2893.455
1281.884 748.070 -2888.750
1282.611 748.070 -2884.045
1283.359 748.070 -2879.340
1284.127 748.070 -2874.635
1284.914 748.070 -2869.931
1285.719 748.070 -2865.226
1286.541 748.070 -2860.521
1287.378 748.070 -2855.816
1288.231 748.070 -2851.111
1289.098 748.070 -2846.406
1289.977 748.070 -2841.702
1290.868 748.070 -2836.997
1291.770 748.070 -2832.292
1292.681 748.070 -2827.587
1293.601 748.070 -2822.882
1294.528 748.070 -2818.177
1295.461 748.070 -2813.473
1296.398 748.070 -2808.768
1297.340 748.070 -2804.063
1298.284 748.070 -2799.358
1299.230 748.070 -2794.653
1300.176 748.070 -2789.948
1301.121 748.070 -2785.244
1302.063 748.070 -2780.539
1303.003 748.070 -2775.834
1303.938 748.070 -2771.129
1304.868 748.070 -2766.424
1305.791 748.070 -2761.719
1306.706 748.070 -2757.015
1307.612 748.070 -2752.310
1308.508 748.070 -2747.605
1309.393 748.070 -2742.900
1310.265 748.070 -2738.195
1311.124 748.070 -2733.490
1311.969 748.070 -2728.786
1312.798 748.070 -2724.081
1313.611 748.070 -2719.376
1314.406 748.070 -2714.671
1315.182 748.070 -2709.966
1315.939 748.070 -2705.261
1316.676 748.070 -2700.557
1317.391 748.070 -2695.852
1318.084 748.070 -2691.147
1318.754 748.070 -2686.442
1319.400 748.070 -2681.737
1320.022 748.070 -2677.032
1320.618 748.070 -2672.327
1321.187 748.070 -2667.623
1321.730 748.070 -2662.918
1322.245 748.070 -2658.213
1322.732 748.070 -2653.508
1323.191 748.070 -2648.803
1323.619 748.070 -2644.098
1324.018 748.070 -2639.394
1324.387 748.070 -2634.689
1324.724 748.070 -2629.984
1325.031 748.070 -2625.279
1325.305 748.070 -2620.574
1325.548 748.070 -2615.869
1325.759 748.070 -2611.165
1325.936 748.070 -2606.460
1326.081 748.070 -2601.755
1326.193 748.070 -2597.050
1326.272 748.070 -2592.345
1326.318 748.070 -2587.640
1326.330 748.070 -2582.936
1326.310 748.070 -2578.231
1326.256 748.070 -2573.526
1326.168 748.070 -2568.821
1326.048 748.070 -2564.116
1325.895 748.070 -2559.411
1325.709 748.070 -2554.707
1325.491 748.070 -2550.002
1325.240 748.070 -2545.297
1324.957 748.070 -2540.592
1324.643 748.070 -2535.887
1324.298 748.070 -2531.182
1323.921 748.070 -2526.478
1323.515 748.070 -2521.773
1323.079 748.070 -2517.068
1322.613 748.070 -2512.363
1322.119 748.070 -2507.658
1321.597 748.070 -2502.953
1321.047 748.070 -2498.249
1320.471 748.070 -2493.544
1319.869 748.070 -2488.839
1319.241 748.070 -2484.134
1318.589 748.070 -2479.429
1317.913 748.070 -2474.724
1317.214 748.070 -2470.020
1316.494 748.070 -2465.315
1315.752 748.070 -2460.610
1314.990 748.070 -2455.905
1314.209 748.070 -2451.200
1313.409 748.070 -2446.495
1312.592 748.070 -2441.790
1311.759 748.070 -2437.086
1310.911 748.070 -2432.381
1310.048 748.070 -2427.676
1309.173 748.070 -2422.971
1308.285 748.070 -2418.266
1307.387 748.070 -2413.561
1306.478 748.070 -2408.857
1305.561 748.070 -2404.152
1304.636 748.070 -2399.447
1303.705 748.070 -2394.742
1302.769 748.070 -2390.037
1301.828 748.070 -2385.332
1300.885 748.070 -2380.628
1299.939 748.070 -2375.923
1298.993 748.070 -2371.218
1298.048 748.070 -2366.513
1297.104 748.070 -2361.808
1296.164 748.070 -2357.103
1295.227 748.070 -2352.399
1294.295 748.070 -2347.694
1293.370 748.070 -2342.989
1292.453 748.070 -2338.284
1291.544 748.070 -2333.579
1290.645 748.070 -2328.874
1289.756 748.070 -2324.170
1288.880 748.070 -2319.465
1288.017 748.070 -2314.760
1287.168 748.070 -2310.055
1286.334 748.070 -2305.350
1285.516 748.070 -2300.645
1284.715 748.070 -2295.941
1283.933 748.070 -2291.236
1283.170 748.070 -2286.531
1282.427 748.070 -2281.826
1281.705 748.070 -2277.121
1281.005 748.070 -2272.416
1280.328 748.070 -2267.712
1279.675 748.070 -2263.007
1279.046 748.070 -2258.302
1278.442 748.070 -2253.597
1277.864 748.070 -2248.892
1277.313 748.070 -2244.187
1276.789 748.070 -2239.483
1276.293 748.070 -2234.778
1275.826 748.070 -2230.073
1275.388 748.070 -2225.368
1274.980 748.070 -2220.663
1274.602 748.070 -2215.958
1274.255 748.070 -2211.253
1273.939 748.070 -2206.549
1273.655 748.070 -2201.844
1273.403 748.070 -2197.139
1273.182 748.070 -2192.434
1272.995 748.070 -2187.729
1272.840 748.070 -2183.024
1272.717 748.070 -2178.320
1272.628 748.070 -2173.615
1272.572 748.070 -2168.910
1272.550 748.070 -2164.205
1272.560 748.070 -2159.500
1272.604 748.070 -2154.795
1272.681 748.070 -2150.091
1272.792 748.070 -2145.386
1272.935 748.070 -2140.681
1273.111 748.070 -2135.976
1273.319 748.070 -2131.271
1273.560 748.070 -2126.566
1273.833 748.070 -2121.862
1274.138 748.070 -2117.157
1274.474 748.070 -2112.452
1274.840 748.070 -2107.747
1275.238 748.070 -2103.042
1275.665 748.070 -2098.337
1276.121 748.070 -2093.633
1276.607 748.070 -2088.928
1277.120 748.070 -2084.223
1277.662 748.070 -2079.518
1278.230 748.070 -2074.813
1278.825 748.070 -2070.108
1279.445 748.070 -2065.404
1280.089 748.070 -2060.699
1280.758 748.070 -2055.994
1281.450 748.070 -2051.289
1282.164 748.070 -2046.584
1282.899 748.070 -2041.879
1283.655 748.070 -2037.175
1284.431 748.070 -2032.470
1285.225 748.070 -2027.765
1286.036 748.070 -2023.060
1286.865 748.070 -2018.355
1287.708 748.070 -2013.650
1288.567 748.070 -2008.945
1289.438 748.070 -2004.241
1290.322 748.070 -1999.536
1291.218 748.070 -1994.831
1292.123 748.070 -1990.126
1293.038 748.070 -1985.421
1293.961 748.070 -1980.716
1294.890 748.070 -1976.012
1295.825 748.070 -1971.307
1296.764 748.070 -1966.602
1297.707 748.070 -1961.897
1298.652 748.070 -1957.192
1299.598 748.070 -1952.487
1300.543 748.070 -1947.783
1301.488 748.070 -1943.078
1302.429 748.070 -1938.373
1303.367 748.070 -1933.668
1304.301 748.070 -1928.963
1305.228 748.070 -1924.258
1306.148 748.070 -1919.554
1307.060 748.070 -1914.849
1307.962 748.070 -1910.144
1308.854 748.070 -1905.439
1309.734 748.070 -1900.734
1310.601 748.070 -1896.029
1311.455 748.070 -1891.325
1312.293 748.070 -1886.620
1313.116 748.070 -1881.915
1313.922 748.070 -1877.210
1314.710 748.070 -1872.505
1315.479 748.070 -1867.800
1316.228 748.070 -1863.096
1316.957 748.070 -1858.391
1317.663 748.070 -1853.686
1318.347 748.070 -1848.981
1319.008 748.070 -1844.276
1319.645 748.070 -1839.571
1320.256 748.070 -1834.867
1320.842 748.070 -1830.162
1321.402 748.070 -1825.457
1321.934 748.070 -1820.752
1322.438 748.070 -1816.047
1322.914 748.070 -1811.342
1323.361 748.070 -1806.638
1323.778 748.070 -1801.933
1324.165 748.070 -1797.228
1324.522 748.070 -1792.523
1324.847 748.070 -1787.818
1325.141 748.070 -1783.113
1325.404 748.070 -1778.408
1325.634 748.070 -1773.704
1325.832 748.070 -1768.999
1325.997 748.070 -1764.294
1326.129 748.070 -1759.589
1326.228 748.070 -1754.884
1326.294 748.070 -1750.179
1326.327 748.070 -1745.475
1326.326 748.070 -1740.770
1326.293 748.070 -1736.065
1326.226 748.070 -1731.360
1326.126 748.070 -1726.655
1325.992 748.070 -1721.950
1325.826 748.070 -1717.246
1325.628 748.070 -1712.541
1325.397 748.070 -1707.836
1325.134 748.070 -1703.131
1324.839 748.070 -1698.426
1324.512 748.070 -1693.721
1324.155 748.070 -1689.017
1323.767 748.070 -1684.312
1323.349 748.070 -1679.607
1322.901 748.070 -1674.902
1322.425 748.070 -1670.197
1321.919 748.070 -1665.492
1321.387 748.070 -1660.788
1320.826 748.070 -1656.083
1320.240 748.070 -1651.378
1319.628 748.070 -1646.673
1318.990 748.070 -1641.968
1318.329 748.070 -1637.263
1317.644 748.070 -1632.559
1316.937 748.070 -1627.854
1316.208 748.070 -1623.149
1315.458 748.070 -1618.444
1314.688 748.070 -1613.739
1313.900 748.070 -1609.034
1313.093 748.070 -1604.330
1312.270 748.070 -1599.625
1311.431 748.070 -1594.920
1310.577 748.070 -1590.215
1309.709 748.070 -1585.510
1308.829 748.070 -1580.805
1307.937 748.070 -1576.101
1307.034 748.070 -1571.396
1306.122 748.070 -1566.691
1305.202 748.070 -1561.986
1304.275 748.070 -1557.281
1303.341 748.070 -1552.576
1302.403 748.070 -1547.871
1301.461 748.070 -1543.167
1300.517 748.070 -1538.462
1299.571 748.070 -1533.757
1298.626 748.070 -1529.052
1297.681 748.070 -1524.347
1296.738 748.070 -1519.642
1295.799 748.070 -1514.938
1294.864 748.070 -1510.233
1293.935 748.070 -1505.528
1293.012 748.070 -1500.823
1292.098 748.070 -1496.118
1291.193 748.070 -1491.413
1290.298 748.070 -1486.709
1289.414 748.070 -1482.004
1288.543 748.070 -1477.299
1287.685 748.070 -1472.594
1286.841 748.070 -1467.889
1286.014 748.070 -1463.184
1285.202 748.070 -1458.480
1284.409 748.070 -1453.775
1283.634 748.070 -1449.070
